Sim	QM	forNTS	indicator	confidence
49	1	6839.7332068567475	-1	1
50	2	6826.320248546848	-1	1
51	3	6807.753339991819	-1	2
52	4	6817.171101428197	-1	1
53	5	6829.534620626094	-1	1
54	6	6850.469268429935	-1	1
55	7	6864.857402760783	0	1
56	8	6846.68440222066	-1	1
57	9	6830.26437915632	-1	1
58	10	6806.229901719992	-1	2
59	11	6816.534071727615	-1	1
60	12	6821.256912014394	-1	1
61	13	6801.301216712586	-1	2
62	14	6815.726101248447	-1	1
63	15	6812.695909352042	-1	1
64	16	6807.193723656848	-1	2
65	17	6789.510766901674	-1	2
66	18	6785.63606643027	-1	2
67	19	6807.908786078426	-1	2
68	20	6831.894590887311	-1	1
69	21	6855.804049921724	-1	1
70	22	6871.133355091259	0	1
71	23	6868.313302209794	0	1
72	24	6866.934115855433	0	1
73	25	6873.36431488749	0	1
74	26	6878.677303188534	0	1
75	27	6890.227644690442	0	1
76	28	6899.37324336781	0	1
77	29	6904.447118291287	0	1
78	30	6912.967634497443	0	2
79	31	6928.3291734339	0	2
80	32	6940.699255237456	0	2
81	33	6943.308173601008	0	2
82	34	6948.540399962117	0	2
83	35	6954.419199647646	0	2
84	36	6968.252885754858	0	2
85	37	6977.901395580903	0	2
86	38	6979.8582634726245	0	2
87	39	6988.962075250267	0	2
88	40	6989.562686447955	0	2
89	41	6997.969322636014	0	2
90	42	6980.104784209239	0	2
91	43	6974.356966094359	0	2
92	44	6987.991818491416	0	2
93	45	6993.027393740012	0	2
94	46	6988.238237432227	0	2
95	47	7016.033015122513	0	2
96	48	7002.002004709828	0	2
97	1	6976.406648847001	0	2
98	2	6957.134270554519	0	2
99	3	6951.703752767282	0	2
100	4	6925.579202832449	0	2
101	5	6912.287367176314	0	2
102	6	6877.143966221548	0	1
103	7	6859.928191568965	0	1
104	8	6843.612530914062	-1	1
105	9	6835.791014309661	-1	1
106	10	6824.0838470029685	-1	1
107	11	6795.764653034508	-1	2
108	12	6764.926564826041	-1	2
109	13	6775.642252618811	-1	2
110	14	6735.068430081494	-1	2
111	15	6692.3903896331885	-1	2
112	16	6665.471786864756	-1	3
113	17	6667.867851032678	-1	3
114	18	6680.093987643234	-1	2
115	19	6665.017596476256	-1	3
116	20	6668.854376936886	-1	3
117	21	6663.764600561891	-1	3
118	22	6661.477667594237	-1	3
119	23	6658.375765614343	-1	3
120	24	6657.733388533111	-1	3
121	25	6651.167347281844	-1	3
122	26	6650.242588838237	-1	3
123	27	6640.004502281127	-1	3
124	28	6637.291176901774	-1	3
125	29	6636.851988988936	-1	3
126	30	6640.9454481476505	-1	3
127	31	6641.102267861809	-1	3
128	32	6631.894724841	-1	3
129	33	6634.21664501799	-1	3
130	34	6645.304547152656	-1	3
131	35	6636.867674449006	-1	3
132	36	6635.691228456361	-1	3
133	37	6634.342146005855	-1	3
134	38	6624.785973774741	-1	3
135	39	6621.269830100915	-1	3
136	40	6626.73212586843	-1	3
137	41	6626.40254985297	-1	3
138	42	6633.102786851501	-1	3
139	43	6635.910837323119	-1	3
140	44	6631.926104062221	-1	3
141	45	6636.350047324445	-1	3
142	46	6636.428476597019	-1	3
143	47	6621.897761458417	-1	3
144	48	6619.260307813812	-1	3
145	1	6621.002952878785	-1	3
146	2	6623.655856930346	-1	3
147	3	6612.335217869134	-1	3
148	4	6610.795959724364	-1	3
149	5	6620.594780336136	-1	3
150	6	6631.43972021589	-1	3
151	7	6630.32569663532	-1	3
152	8	6682.5194856598655	-1	2
153	9	6719.895316143752	-1	2
154	10	6746.64304281581	-1	2
155	11	6758.615822851126	-1	2
156	12	6777.308251120319	-1	2
157	13	6798.346508107037	-1	2
158	14	6846.1569439332025	-1	1
159	15	6899.790959874034	0	1
160	16	6962.208594534145	0	2
161	17	6996.337545334078	0	2
162	18	7027.886999123485	0	2
163	19	7041.454258277927	0	2
164	20	7031.2220555947115	0	2
165	21	7031.575507958204	0	2
166	22	7051.880762955972	0	2
167	23	7070.984395423902	0	2
168	24	7085.840346354502	0	2
169	25	7093.195240836017	0	2
170	26	7092.444552682148	0	2
171	27	7098.816846492905	0	2
172	28	7095.110134036048	0	2
173	29	7101.144678582623	0	2
174	30	7097.331180556944	0	2
175	31	7094.344198752793	0	2
176	32	7098.357373961857	0	2
177	33	7108.815420672652	0	2
178	34	7104.605297124599	0	2
179	35	7111.188009757903	0	2
180	36	7116.20778910274	0	2
181	37	7124.2551806964875	0	2
182	38	7141.486564658063	0	2
183	39	7175.600052851674	0	2
184	40	7189.69284767782	0	1
185	41	7208.63557499425	0	1
186	42	7224.075385564081	0	1
187	43	7233.434067820225	0	1
188	44	7251.180945904352	1	1
189	45	7272.739326442619	1	1
190	46	7289.830142436557	1	2
191	47	7312.378593712331	1	2
192	48	7347.297460687878	1	2
193	1	7402.493353643021	1	2
194	2	7452.606646451054	1	3
195	3	7491.800002074015	1	3
196	4	7516.247693680218	1	3
197	5	7516.84801886454	1	3
198	6	7519.339186709284	1	3
199	7	7537.7437532991535	1	3
200	8	7514.266499907906	1	3
201	9	7519.354192857497	1	3
202	10	7534.160088518422	1	3
203	11	7566.750712502564	1	3
204	12	7598.005894210952	1	3
205	13	7595.209899472973	1	3
206	14	7585.069486495394	1	3
207	15	7570.61332987294	1	3
208	16	7547.487067570304	1	3
209	17	7530.84578515001	1	3
210	18	7511.129230833699	1	3
211	19	7494.50445373163	1	3
212	20	7487.111465452251	1	3
213	21	7489.696300283294	1	3
214	22	7473.46069168606	1	3
215	23	7462.675140309418	1	3
216	24	7457.197514385277	1	3
217	25	7452.245355265992	1	3
218	26	7454.939835778643	1	3
219	27	7454.413009214471	1	3
220	28	7461.230630190373	1	3
221	29	7458.973384548691	1	3
222	30	7461.892709638609	1	3
223	31	7473.520846637275	1	3
224	32	7478.377792378142	1	3
225	33	7471.595803014158	1	3
226	34	7462.103366912151	1	3
227	35	7464.631089719452	1	3
228	36	7458.7325973824445	1	3
229	37	7456.038602984453	1	3
230	38	7462.720279652762	1	3
231	39	7460.58357787108	1	3
232	40	7463.156621646473	1	3
233	41	7463.713320710239	1	3
234	42	7452.004491024889	1	3
235	43	7450.754963459342	1	3
236	44	7432.033256368172	1	3
237	45	7413.4456275824505	1	2
238	46	7412.465286065406	1	2
239	47	7390.085903808	1	2
240	48	7360.0026311714655	1	2
241	1	7311.696588405954	1	2
242	2	7268.54793015445	1	1
243	3	7244.7956708003685	1	1
244	4	7219.919665651988	0	1
245	5	7203.608255237241	0	1
246	6	7195.119924851491	0	1
247	7	7190.378934822392	0	1
248	8	7170.335615975992	0	2
249	9	7145.276406720627	0	2
250	10	7148.805820071551	0	2
251	11	7131.901804878726	0	2
252	12	7096.228346893359	0	2
253	13	7065.354948060105	0	2
254	14	7058.695727840602	0	2
255	15	7049.209396439375	0	2
256	16	7041.13170179779	0	2
257	17	7058.005128232547	0	2
258	18	7073.53016292485	0	2
259	19	7117.569646763856	0	2
260	20	7154.304972944857	0	2
261	21	7188.366346687268	0	1
262	22	7212.412863738221	0	1
263	23	7229.599810289171	0	1
264	24	7236.887325673688	0	1
265	25	7251.104942455153	1	1
266	26	7263.049219270959	1	1
267	27	7279.586468069819	1	1
268	28	7286.962428461799	1	1
269	29	7291.817582462268	1	2
270	30	7294.472259907317	1	2
271	31	7291.620364176318	1	2
272	32	7301.615433395814	1	2
273	33	7316.6216755701025	1	2
274	34	7337.763467680427	1	2
275	35	7335.795589060623	1	2
276	36	7343.272532457562	1	2
277	37	7344.589042433129	1	2
278	38	7338.611111561862	1	2
279	39	7315.9852689335585	1	2
280	40	7305.784930290651	1	2
281	41	7295.291348343076	1	2
282	42	7295.367188215114	1	2
283	43	7290.345985028326	1	2
284	44	7291.286605844221	1	2
285	45	7295.791886331644	1	2
286	46	7295.336852299845	1	2
287	47	7297.369259725456	1	2
288	48	7310.453765164863	1	2
289	1	7325.150660879306	1	2
290	2	7330.0725395103545	1	2
291	3	7329.345689680898	1	2
292	4	7363.812665453133	1	2
293	5	7381.961211746612	1	2
294	6	7387.9870769481995	1	2
295	7	7400.3655927803375	1	2
296	8	7413.6416903686895	1	2
297	9	7435.709632184798	1	3
298	10	7412.555781054803	1	2
299	11	7404.470015124849	1	2
300	12	7404.062626925231	1	2
301	13	7398.418727879397	1	2
302	14	7406.582270932065	1	2
303	15	7405.450731893042	1	2
304	16	7398.222522114678	1	2
305	17	7380.193897963319	1	2
306	18	7351.775409184062	1	2
307	19	7319.803414347112	1	2
308	20	7305.845571290675	1	2
309	21	7276.8084133568445	1	1
310	22	7259.934653589061	1	1
311	23	7251.120143167597	1	1
312	24	7247.18278094897	1	1
313	25	7264.629110519609	1	1
314	26	7263.991092185098	1	1
315	27	7251.849764075562	1	1
316	28	7243.016560175434	1	1
317	29	7244.369914840836	1	1
318	30	7240.081449200026	1	1
319	31	7230.467145927954	0	1
320	32	7212.412863738221	0	1
321	33	7193.001098431368	0	1
322	34	7184.355821412262	0	2
323	35	7190.897296378789	0	1
324	36	7195.119924851491	0	1
325	37	7189.92154597247	0	1
326	38	7175.905195587973	0	2
327	39	7171.342831646663	0	2
328	40	7175.203360414401	0	2
329	41	7171.541216697865	0	2
330	42	7169.282564122421	0	2
331	43	7180.069933972499	0	2
332	44	7179.978410469631	0	2
333	45	7178.956369912522	0	2
334	46	7174.409952204589	0	2
335	47	7166.413100963036	0	2
336	48	7177.446096116431	0	2
337	1	7187.786928209933	0	1
338	2	7190.302704063985	0	1
339	3	7189.372665730927	0	1
340	4	7163.482164768183	0	2
341	5	7166.077286091331	0	2
342	6	7162.474557228487	0	2
343	7	7133.124994889786	0	2
344	8	7108.432718714398	0	2
345	9	7099.444775229116	0	2
346	10	7093.103321351443	0	2
347	11	7078.60539238112	0	2
348	12	7063.314455916875	0	2
349	13	7049.884948319304	0	2
350	14	7017.109545352485	0	2
351	15	6990.117080539045	0	2
352	16	6976.206313334394	0	2
353	17	6956.393833943131	0	2
354	18	6956.656075106101	0	2
355	19	6944.975229307014	0	2
356	20	6923.663264106975	0	2
357	21	6905.266858116559	0	1
358	22	6900.347901265005	0	1
359	23	6897.145270497169	0	1
360	24	6887.73545801426	0	1
361	25	6865.926782846951	0	1
362	26	6857.199534653315	-1	1
363	27	6856.796404965711	-1	1
364	28	6854.703096437458	-1	1
365	29	6849.879870816079	-1	1
366	30	6850.655390255852	-1	1
367	31	6849.507610424505	-1	1
368	32	6855.385384858777	-1	1
369	33	6863.865461170725	0	1
370	34	6862.330951368362	0	1
371	35	6852.966253580591	-1	1
372	36	6849.616187113213	-1	1
373	37	6859.571627588961	0	1
374	38	6856.997970860162	-1	1
375	39	6857.385591674313	-1	1
376	40	6850.128040424529	-1	1
377	41	6846.172457617946	-1	1
378	42	6832.4534888653325	-1	1
379	43	6831.273574115604	-1	1
380	44	6823.431514258243	-1	1
381	45	6822.421908073006	-1	1
382	46	6814.234374189629	-1	1
383	47	6805.343764650618	-1	2
384	48	6772.652433066892	-1	2
385	1	6741.121802180198	-1	2
386	2	6736.316705897703	-1	2
387	3	6744.054186082459	-1	2
388	4	6773.804814779962	-1	2
389	5	6776.000376702772	-1	2
390	6	6782.554419184181	-1	2
391	7	6817.450766335451	-1	1
392	8	6844.4969076182615	-1	1
393	9	6839.469384488975	-1	1
394	10	6865.260364511918	0	1
395	11	6888.617821537108	0	1
396	12	6910.69483036612	0	2
397	13	6937.503242210997	0	2
398	14	6979.673370893741	0	2
399	15	7011.72630820741	0	2
400	16	7026.734199318873	0	2
401	17	7063.437198195089	0	2
402	18	7073.53016292485	0	2
403	19	7085.533833674469	0	2
404	20	7105.202423024635	0	2
405	21	7123.888069540879	0	2
406	22	7129.653999246127	0	2
407	23	7132.528699052885	0	2
408	24	7133.2167311417525	0	2
409	25	7130.082172074911	0	2
410	26	7138.56728874865	0	2
411	27	7136.152070340477	0	2
412	28	7147.29329003665	0	2
413	29	7148.179432513615	0	2
414	30	7146.315432427577	0	2
415	31	7153.174713952473	0	2
416	32	7158.0313243336295	0	2
417	33	7160.764562718572	0	2
418	34	7161.818058603676	0	2
419	35	7157.313597038718	0	2
420	36	7148.408600951419	0	2
421	37	7151.234797498711	0	2
422	38	7182.0223368188235	0	2
423	39	7191.857754826062	0	1
424	40	7196.202117714755	0	1
425	41	7209.960752168761	0	1
426	42	7234.575076706851	0	1
427	43	7249.052742514978	1	1
428	44	7265.054445035918	1	1
429	45	7286.4161518516885	1	1
430	46	7329.936257114409	1	2
431	47	7385.646409108818	1	2
432	48	7417.457007795165	1	2
433	1	7466.61694469882	1	3
434	2	7498.169935736177	1	3
435	3	7529.825895429306	1	3
436	4	7537.938663343497	1	3
437	5	7547.9516372408925	1	3
438	6	7569.894756313999	1	3
439	7	7586.341040698608	1	3
440	8	7613.08601474563	1	3
441	9	7639.260517140981	1	3
442	10	7626.0055382960545	1	3
443	11	7604.747675028796	1	3
444	12	7606.316965022978	1	3
445	13	7620.435413180535	1	3
446	14	7622.959321630524	1	3
447	15	7647.391572938278	1	3
448	16	7684.0700524450685	1	3
449	17	7688.953836899007	1	3
450	18	7705.6367678051365	1	3
451	19	7732.5019532851375	1	3
452	20	7744.281261252344	1	3
453	21	7756.766627868292	1	3
454	22	7768.325196077925	1	3
455	23	7783.583847290977	1	3
456	24	7815.460813474257	1	3
457	25	7842.398792388449	1	3
458	26	7848.326358964704	1	3
459	27	7861.077810569621	1	3
460	28	7867.871647911276	1	3
461	29	7879.814896532803	1	3
462	30	7891.736977662482	1	3
463	31	7897.562898450551	1	3
464	32	7901.942397221575	1	3
465	33	7895.925894980409	1	3
466	34	7894.082278500048	1	3
467	35	7899.170289266181	1	3
468	36	7902.517418973962	1	3
469	37	7895.852153252478	1	3
470	38	7873.541432231844	1	3
471	39	7868.609983114101	1	3
472	40	7867.000380765716	1	3
473	41	7863.382040842653	1	3
474	42	7855.212759104955	1	3
475	43	7849.937318318468	1	3
476	44	7841.940485424688	1	3
477	45	7824.710119155134	1	3
478	46	7782.694421408717	1	3
479	47	7732.739681902159	1	3
480	48	7711.958348213598	1	3
481	1	7671.37897686479	1	3
482	2	7642.364107775482	1	3
483	3	7600.951012752938	1	3
484	4	7547.412136028527	1	3
485	5	7494.534501250163	1	3
486	6	7442.397777704655	1	3
487	7	7385.04232309047	1	2
488	8	7339.791700537439	1	2
489	9	7333.978919536577	1	2
490	10	7348.49268350165	1	2
491	11	7381.99142093412	1	2
492	12	7380.435590758088	1	2
493	13	7357.900765307617	1	2
494	14	7326.150275731088	1	2
495	15	7310.150626178322	1	2
496	16	7295.731215708945	1	2
497	17	7299.355971454167	1	2
498	18	7307.983052510522	1	2
499	19	7294.047534543406	1	2
500	20	7290.619072924712	1	2
501	21	7290.694930029891	1	2
502	22	7293.076700773952	1	2
503	23	7287.265909191808	1	2
504	24	7283.365840444368	1	1
505	25	7266.740505695183	1	1
506	26	7265.586100762865	1	1
507	27	7267.4847586023	1	1
508	28	7260.724734610525	1	1
509	29	7256.044579229065	1	1
510	30	7254.691997301511	1	1
511	31	7249.508804750416	1	1
512	32	7243.396725037205	1	1
513	33	7249.052742514978	1	1
514	34	7249.508804750416	1	1
515	35	7259.8434884320895	1	1
516	36	7256.971578119709	1	1
517	37	7258.399986002135	1	1
518	38	7260.116982685044	1	1
519	39	7260.405667099273	1	1
520	40	7255.193526875042	1	1
521	41	7253.886484676711	1	1
522	42	7244.096209895102	1	1
523	43	7226.084440578831	0	1
524	44	7234.133894172245	0	1
525	45	7235.518262535806	0	1
526	46	7251.469756434762	1	1
527	47	7257.7465777474345	1	1
528	48	7263.125178369783	1	1
529	1	7266.132932259848	1	1
530	2	7276.201138192633	1	1
531	3	7293.243566089704	1	2
532	4	7313.939543179362	1	2
533	5	7348.749874333225	1	2
534	6	7374.1506653729675	1	2
535	7	7386.220274596169	1	2
536	8	7402.1161068996535	1	2
537	9	7401.633221118296	1	2
538	10	7377.353797312199	1	2
539	11	7370.297187729325	1	2
540	12	7371.687544389633	1	2
541	13	7381.795060431599	1	2
542	14	7395.747152413197	1	2
543	15	7391.625915664739	1	2
544	16	7374.105334493798	1	2
545	17	7351.04932109762	1	2
546	18	7340.3971046581	1	2
547	19	7331.556445218696	1	2
548	20	7326.332018688988	1	2
549	21	7313.515219096137	1	2
550	22	7295.791886331644	1	2
551	23	7291.2107509222	1	2
552	24	7272.1926711696415	1	1
553	25	7262.365574702922	1	1
554	26	7243.837707412067	1	1
555	27	7228.656350674722	0	1
556	28	7219.615183959923	0	1
557	29	7213.037267276071	0	1
558	30	7213.555050792637	0	1
559	31	7211.8798211594585	0	1
560	32	7208.803130902202	0	1
561	33	7202.313138027442	0	1
562	34	7193.488905419959	0	1
563	35	7186.277312796392	0	2
564	36	7183.425510105946	0	2
565	37	7184.3863226989515	0	2
566	38	7187.924160398912	0	1
567	39	7187.451467836041	0	1
568	40	7195.62292307998	0	1
569	41	7188.640802290155	0	1
570	42	7189.250690325712	0	1
571	43	7203.029271868472	0	1
572	44	7191.415644683612	0	1
573	45	7178.468212930244	0	2
574	46	7171.785380242965	0	2
575	47	7164.489722046714	0	2
576	48	7155.206080013777	0	2
577	1	7139.377392038344	0	2
578	2	7116.80456956638	0	2
579	3	7090.146352530516	0	2
580	4	7066.981055307843	0	2
581	5	7033.050719360086	0	2
582	6	7014.525774375729	0	2
583	7	6995.413837980729	0	2
584	8	6958.399118451627	0	2
585	9	6891.4968342879365	0	1
586	10	6878.584377126208	0	1
587	11	6842.619498239182	-1	1
588	12	6819.936497838269	-1	1
589	13	6815.073484908969	-1	1
590	14	6798.781967457808	-1	2
591	15	6761.576677960553	-1	2
592	16	6750.775126338966	-1	2
593	17	6734.038540762491	-1	2
594	18	6705.913435513651	-1	2
595	19	6685.726922950386	-1	2
596	20	6663.388685494383	-1	3
597	21	6638.953723507555	-1	3
598	22	6619.354509003853	-1	3
599	23	6587.298629071908	-1	3
600	24	6559.519307973008	-1	3
601	25	6535.042105136794	-1	3
602	26	6516.201059676374	-1	3
603	27	6494.116355354268	-1	3
604	28	6476.514838202943	-1	3
605	29	6459.909904418577	-1	3
606	30	6441.514422682862	-1	3
607	31	6425.670827950826	-1	3
608	32	6406.0175778130315	-1	3
609	33	6383.671360228528	-1	3
610	34	6367.713245376106	-1	3
611	35	6339.708507427454	-1	3
612	36	6319.530036810341	-1	3
613	37	6296.947731261428	-1	3
614	38	6273.584601986232	-1	3
615	39	6258.360390773347	-1	3
616	40	6242.866561894096	-1	3
617	41	6234.1923989140105	-1	3
618	42	6238.297526731964	-1	3
619	43	6220.314456679217	-1	3
620	44	6213.636298466896	-1	3
621	45	6217.055961720976	-1	3
622	46	6191.8342922399925	-1	3
623	47	6185.370402261086	-1	3
624	48	6169.071404774896	-1	3
625	1	6160.779285614298	-1	3
626	2	6160.102860596707	-1	3
627	3	6155.028832942575	-1	3
628	4	6156.7847753811975	-1	3
629	5	6161.568414846893	-1	3
630	6	6160.843705670826	-1	3
631	7	6159.184813079522	-1	3
632	8	6156.768666624842	-1	3
633	9	6154.86772840929	-1	3
634	10	6139.781713782374	-1	3
635	11	6136.362970379438	-1	3
636	12	6110.587752372042	-1	3
637	13	6076.198440180462	-1	3
638	14	6063.456738521879	-1	3
639	15	6059.909392097465	-1	3
640	16	6035.933333391112	-1	3
641	17	6012.102148904195	-1	3
642	18	5989.945480911932	-1	3
643	19	5976.748220852399	-1	3
644	20	5956.778090450887	-1	3
645	21	5945.039047318353	-1	3
646	22	5933.928299391028	-1	3
647	23	5928.574234334736	-1	3
648	24	5921.53625392836	-1	3
649	25	5915.132543931683	-1	3
650	26	5910.769425400792	-1	3
651	27	5912.730518816487	-1	3
652	28	5908.481191392275	-1	3
653	29	5903.413268632808	-1	3
654	30	5888.29842402538	-1	3
655	31	5874.906042290981	-1	3
656	32	5883.093379430624	-1	3
657	33	5881.538096459291	-1	3
658	34	5884.926788927164	-1	3
659	35	5884.402978315205	-1	3
660	36	5886.645426374431	-1	3
661	37	5881.718189321933	-1	3
662	38	5873.710352608311	-1	3
663	39	5867.271799354003	-1	3
664	40	5859.322545951706	-1	3
665	41	5857.371526292788	-1	3
666	42	5845.004240885692	-1	3
667	43	5833.629302042286	-1	3
668	44	5818.598381339932	-1	3
669	45	5800.970846723663	-1	3
670	46	5796.347054542408	-1	3
671	47	5792.49563844577	-1	3
672	48	5790.223864730191	-1	3
673	1	5806.3663607345225	-1	3
674	2	5818.877769819982	-1	3
675	3	5822.213629489895	-1	3
676	4	5834.4174300159775	-1	3
677	5	5851.9107248820255	-1	3
678	6	5872.694767549225	-1	3
679	7	5912.50173647203	-1	3
680	8	5935.087033010326	-1	3
681	9	5978.213284481849	-1	3
682	10	5996.483334053168	-1	3
683	11	5999.377396895805	-1	3
684	12	6022.365995206709	-1	3
685	13	6034.083879094174	-1	3
686	14	6030.076038240457	-1	3
687	15	6059.196594388292	-1	3
688	16	6081.328062286006	-1	3
689	17	6097.160343449833	-1	3
690	18	6110.3293210822185	-1	3
691	19	6107.389392260861	-1	3
692	20	6109.957819311764	-1	3
693	21	6120.695836842227	-1	3
694	22	6135.588821489474	-1	3
695	23	6145.166478115989	-1	3
696	24	6160.537708274622	-1	3
697	25	6170.713258367321	-1	3
698	26	6191.335918242026	-1	3
699	27	6199.725997568295	-1	3
700	28	6207.533832506112	-1	3
701	29	6212.191169737116	-1	3
702	30	6234.416922867598	-1	3
703	31	6254.66041398434	-1	3
704	32	6264.381205477989	-1	3
705	33	6274.30466571991	-1	3
706	34	6285.230038468664	-1	3
707	35	6299.903907534415	-1	3
708	36	6317.662573831203	-1	3
709	37	6328.385850909017	-1	3
710	38	6356.424222850966	-1	3
711	39	6377.324813601572	-1	3
712	40	6396.024008675539	-1	3
713	41	6399.821899063583	-1	3
714	42	6413.735373963756	-1	3
715	43	6425.242430502104	-1	3
716	44	6452.766237611664	-1	3
717	45	6487.16000840629	-1	3
718	46	6515.901087971884	-1	3
719	47	6535.956840908867	-1	3
720	48	6551.201014181626	-1	3
721	1	6570.273979231323	-1	3
722	2	6574.177497830771	-1	3
723	3	6587.4873546566705	-1	3
724	4	6603.710591552576	-1	3
725	5	6621.693686083609	-1	3
726	6	6619.401609420573	-1	3
727	7	6631.58092973264	-1	3
728	8	6641.745214960215	-1	3
729	9	6644.285424211096	-1	3
730	10	6676.40037136083	-1	2
731	11	6709.57003078011	-1	2
732	12	6745.816518414963	-1	2
733	13	6776.34292389336	-1	2
734	14	6800.617008914361	-1	2
735	15	6791.611180292801	-1	2
736	16	6789.9308680136055	-1	2
737	17	6800.990216194203	-1	2
738	18	6814.265453017875	-1	1
739	19	6840.4470610522785	-1	1
740	20	6871.381252197943	0	1
741	21	6883.075294383808	0	1
742	22	6901.198753164176	0	1
743	23	6927.525851266386	0	2
744	24	6946.11738925163	0	2
745	25	6962.933390879102	0	2
746	26	6967.08117871484	0	2
747	27	6979.149499153706	0	2
748	28	6995.844906794982	0	2
749	29	7019.416198643609	0	2
750	30	7025.489100188206	0	2
751	31	7033.004620664948	0	2
752	32	7046.936917042924	0	2
753	33	7058.7571133127585	0	2
754	34	7076.3975962155855	0	2
755	35	7083.495404722183	0	2
756	36	7087.03570088104	0	2
757	37	7095.799450719907	0	2
758	38	7089.993129794198	0	2
759	39	7095.385863559534	0	2
760	40	7092.490513991136	0	2
761	41	7098.801530911794	0	2
762	42	7114.371430182289	0	2
763	43	7138.888276970676	0	2
764	44	7140.584843982233	0	2
765	45	7144.863837534085	0	2
766	46	7153.388551592351	0	2
767	47	7171.28178970088	0	2
768	48	7195.058954521844	0	1
769	1	7206.8837714254305	0	1
770	2	7220.0110092715795	0	1
771	3	7241.784777411883	1	1
772	4	7240.111867021417	1	1
773	5	7250.299288522858	1	1
774	6	7271.676372252387	1	1
775	7	7259.7827114351985	1	1
776	8	7262.076917921566	1	1
777	9	7257.56422753436	1	1
778	10	7223.086005357834	0	1
779	11	7204.004392243879	0	1
780	12	7180.451277447734	0	2
781	13	7166.626798430282	0	2
782	14	7171.37335255045	0	2
783	15	7185.7130842252245	0	2
784	16	7210.28060957952	0	1
785	17	7208.81836318899	0	1
786	18	7222.522798235989	0	1
787	19	7232.536429303769	0	1
788	20	7240.385625374545	1	1
789	21	7246.392176628698	1	1
790	22	7248.064572761126	1	1
791	23	7249.174360106026	1	1
792	24	7243.5335826552	1	1
793	25	7242.514731722011	1	1
794	26	7239.929359413205	1	1
795	27	7238.0129310026105	1	1
796	28	7232.064772893606	0	1
797	29	7219.310697713693	0	1
798	30	7213.996679258806	0	1
799	31	7205.588863026684	0	1
800	32	7193.229759418019	0	1
801	33	7196.247842902836	0	1
802	34	7179.673329138488	0	2
803	35	7174.364177704631	0	2
804	36	7176.896877702172	0	2
805	37	7190.07401006898	0	1
806	38	7190.577133452916	0	1
807	39	7177.003671338955	0	2
808	40	7185.484338436511	0	2
809	41	7193.91572691168	0	1
810	42	7186.628041557287	0	2
811	43	7173.4791836791	0	2
812	44	7180.207218451034	0	2
813	45	7160.886709985957	0	2
814	46	7151.463931208254	0	2
815	47	7140.707113559067	0	2
816	48	7129.6692912898925	0	2
817	1	7108.5398759992495	0	2
818	2	7082.60640063704	0	2
819	3	7061.289099097496	0	2
820	4	7057.882352460065	0	2
821	5	7041.638573913868	0	2
822	6	7028.594016491583	0	2
823	7	7009.495680551956	0	2
824	8	6984.942129002	0	2
825	9	6967.512868385961	0	2
826	10	6959.5559201375045	0	2
827	11	6954.820313330208	0	2
828	12	6981.722499932287	0	2
829	13	6992.288307276658	0	2
830	14	6977.947623050947	0	2
831	15	6948.494103202802	0	2
832	16	6900.549015071675	0	1
833	17	6881.728128346011	0	1
834	18	6846.63786236322	-1	1
835	19	6817.947938347065	-1	1
836	20	6786.632048284418	-1	2
837	21	6776.000376702772	-1	2
838	22	6757.431352002383	-1	2
839	23	6738.578996755506	-1	2
840	24	6721.9878044542575	-1	2
841	25	6723.174486208833	-1	2
842	26	6712.585408788445	-1	2
843	27	6700.474113817503	-1	2
844	28	6689.575127521306	-1	2
845	29	6673.911467008256	-1	2
846	30	6661.446337812258	-1	3
847	31	6644.395178575983	-1	3
848	32	6634.718643917856	-1	3
849	33	6610.764544969438	-1	3
850	34	6607.874160968197	-1	3
851	35	6606.774440622481	-1	3
852	36	6591.9061307980355	-1	3
853	37	6565.928773537623	-1	3
854	38	6557.739381846426	-1	3
855	39	6550.2555165547765	-1	3
856	40	6531.635103399618	-1	3
857	41	6507.357731785046	-1	3
858	42	6486.321906303014	-1	3
859	43	6467.462353985328	-1	3
860	44	6445.350330785234	-1	3
861	45	6444.225003672155	-1	3
862	46	6440.151053631334	-1	3
863	47	6416.513609270791	-1	3
864	48	6405.525178550554	-1	3
865	1	6413.989401773854	-1	3
866	2	6423.052685313971	-1	3
867	3	6420.577002336678	-1	3
868	4	6414.275178795355	-1	3
869	5	6416.704101203793	-1	3
870	6	6409.019334617656	-1	3
871	7	6406.112879345679	-1	3
872	8	6408.257030925867	-1	3
873	9	6404.810381540214	-1	3
874	10	6392.3047970464895	-1	3
875	11	6365.7075346048105	-1	3
876	12	6311.659828219815	-1	3
877	13	6281.83957527575	-1	3
878	14	6279.168328853391	-1	3
879	15	6280.751930751312	-1	3
880	16	6303.131170707016	-1	3
881	17	6300.990378410552	-1	3
882	18	6299.16890426047	-1	3
883	19	6293.719344148597	-1	3
884	20	6320.056721752297	-1	3
885	21	6311.388379656369	-1	3
886	22	6305.926593331454	-1	3
887	23	6291.769241703747	-1	3
888	24	6296.692038839633	-1	3
889	25	6285.965619367938	-1	3
890	26	6284.830253435404	-1	3
891	27	6283.03910576076	-1	3
892	28	6276.688667616725	-1	3
893	29	6283.95069461351	-1	3
894	30	6281.679631740339	-1	3
895	31	6287.452678818449	-1	3
896	32	6286.733149500103	-1	3
897	33	6292.584474534347	-1	3
898	34	6289.547142394974	-1	3
899	35	6281.83957527575	-1	3
900	36	6277.184627653722	-1	3
901	37	6273.728617077714	-1	3
902	38	6271.3122086612175	-1	3
903	39	6270.127887945741	-1	3
904	40	6260.057955961495	-1	3
905	41	6255.493376879066	-1	3
906	42	6261.803395212079	-1	3
907	43	6254.996807581126	-1	3
908	44	6244.4373947083795	-1	3
909	45	6224.6314314674855	-1	3
910	46	6208.674191666832	-1	3
911	47	6221.582377291384	-1	3
912	48	6217.248598954103	-1	3
913	1	6201.493508199638	-1	3
914	2	6185.788537237723	-1	3
915	3	6168.588477167499	-1	3
916	4	6144.650645050092	-1	3
917	5	6120.566697402599	-1	3
918	6	6108.374808927308	-1	3
919	7	6111.379174086189	-1	3
920	8	6110.119342804949	-1	3
921	9	6102.897762626886	-1	3
922	10	6119.743410757232	-1	3
923	11	6128.458571277203	-1	3
924	12	6151.000770796011	-1	3
925	13	6152.096496299074	-1	3
926	14	6161.906602117227	-1	3
927	15	6158.0895350124865	-1	3
928	16	6143.796262750921	-1	3
929	17	6150.227275820552	-1	3
930	18	6154.529404021336	-1	3
931	19	6153.272712827442	-1	3
932	20	6125.925172483031	-1	3
933	21	6126.893394223965	-1	3
934	22	6126.10268386484	-1	3
935	23	6126.65134387619	-1	3
936	24	6133.508124671133	-1	3
937	25	6135.588821489474	-1	3
938	26	6138.781962461822	-1	3
939	27	6147.761530292649	-1	3
940	28	6163.0016395434795	-1	3
941	29	6162.792299488291	-1	3
942	30	6160.747075496447	-1	3
943	31	6163.5652348506255	-1	3
944	32	6165.481322206543	-1	3
945	33	6169.425543166078	-1	3
946	34	6176.538978941063	-1	3
947	35	6182.86138184108	-1	3
948	36	6192.50948593161	-1	3
949	37	6206.345210079802	-1	3
950	38	6211.982419066508	-1	3
951	39	6222.83415837586	-1	3
952	40	6234.753703421257	-1	3
953	41	6254.804583454326	-1	3
954	42	6247.001718589848	-1	3
955	43	6271.472245917385	-1	3
956	44	6276.976646104403	-1	3
957	45	6285.725759385592	-1	3
958	46	6295.924939479123	-1	3
959	47	6295.445485546253	-1	3
960	48	6315.044603831678	-1	3
961	1	6311.532088235119	-1	3
962	2	6316.337673695253	-1	3
963	3	6325.434401487267	-1	3
964	4	6334.414862919571	-1	3
965	5	6339.102687819783	-1	3
966	6	6351.0717935170605	-1	3
967	7	6392.463753409562	-1	3
968	8	6443.41662710096	-1	3
969	9	6504.909271914163	-1	3
970	10	6558.022921373441	-1	3
971	11	6594.201592699201	-1	3
972	12	6603.459176430871	-1	3
973	13	6600.206187146544	-1	3
974	14	6571.297158381558	-1	3
975	15	6580.26723413226	-1	3
976	16	6575.515208202805	-1	3
977	17	6570.195270802315	-1	3
978	18	6570.93511683402	-1	3
979	19	6569.392425724432	-1	3
980	20	6560.858077582125	-1	3
981	21	6559.960325134468	-1	3
982	22	6568.605288925854	-1	3
983	23	6575.357835521645	-1	3
984	24	6566.810491924898	-1	3
985	25	6569.691528937815	-1	3
986	26	6570.52584395711	-1	3
987	27	6561.173068115939	-1	3
988	28	6551.1222245611825	-1	3
989	29	6563.566820944247	-1	3
990	30	6567.707912168531	-1	3
991	31	6568.825690601274	-1	3
992	32	6567.644936728198	-1	3
993	33	6574.177497830771	-1	3
994	34	6568.5265734061695	-1	3
995	35	6569.518364508173	-1	3
996	36	6569.707271078421	-1	3
997	37	6562.118007541635	-1	3
998	38	6555.581188499124	-1	3
999	39	6550.712513117443	-1	3
1000	40	6547.733952876047	-1	3
1001	41	6540.214496218795	-1	3
1002	42	6535.341764959553	-1	3
1003	43	6511.906260945019	-1	3
1004	44	6513.927467795783	-1	3
1005	45	6515.427438466644	-1	3
1006	46	6507.420913521359	-1	3
1007	47	6509.079356300609	-1	3
1008	48	6485.293992796696	-1	3
1009	1	6492.614640579111	-1	3
1010	2	6502.128688890896	-1	3
1011	3	6506.757494438867	-1	3
1012	4	6517.022009826175	-1	3
1013	5	6513.895888149361	-1	3
1014	6	6508.589736405489	-1	3
1015	7	6465.895121768556	-1	3
1016	8	6427.6381528408565	-1	3
1017	9	6378.740653366476	-1	3
1018	10	6350.052101807163	-1	3
1019	11	6340.808495811494	-1	3
1020	12	6358.446897444182	-1	3
1021	13	6373.2994016181765	-1	3
1022	14	6386.565533124883	-1	3
1023	15	6397.58139935277	-1	3
1024	16	6430.382531635647	-1	3
1025	17	6434.173215725876	-1	3
1026	18	6460.242468076227	-1	3
1027	19	6473.745761151445	-1	3
1028	20	6481.925194301665	-1	3
1029	21	6489.05745619439	-1	3
1030	22	6490.338122221687	-1	3
1031	23	6489.452733049463	-1	3
1032	24	6518.616442830138	-1	3
1033	25	6526.807438392659	-1	3
1034	26	6532.5973297767105	-1	3
1035	27	6549.940339923324	-1	3
1036	28	6564.228198051251	-1	3
1037	29	6555.187330411092	-1	3
1038	30	6575.342098180063	-1	3
1039	31	6586.606618854413	-1	3
1040	32	6594.594622826044	-1	3
1041	33	6600.441930113741	-1	3
1042	34	6605.658943665525	-1	3
1043	35	6607.230046927201	-1	3
1044	36	6604.496241929836	-1	3
1045	37	6630.623822126448	-1	3
1046	38	6646.840966199577	-1	3
1047	39	6652.969711510408	-1	3
1048	40	6672.095454877796	-1	2
1049	41	6686.462209719164	-1	2
1050	42	6731.931774962831	-1	2
1051	43	6769.10141426025	-1	2
1052	44	6784.624469290265	-1	2
1053	45	6813.721566265439	-1	1
1054	46	6849.833338659513	-1	1
1055	47	6885.552597039535	0	1
1056	48	6924.63670808259	0	2
1057	1	6953.74037318488	0	2
1058	2	6961.560881541715	0	2
1059	3	6979.611739648115	0	2
1060	4	7011.434033395598	0	2
1061	5	7038.735403858465	0	2
1062	6	7074.710920666147	0	2
1063	7	7098.388005792066	0	2
1064	8	7125.509426529809	0	2
1065	9	7147.20161790143	0	2
1066	10	7162.138676877358	0	2
1067	11	7198.305369738802	0	1
1068	12	7225.688733289512	0	1
1069	13	7264.948112234783	1	1
1070	14	7325.9382402592755	1	2
1071	15	7359.216346565167	1	2
1072	16	7366.59415369725	1	2
1073	17	7411.288815544974	1	2
1074	18	7439.038908111499	1	3
1075	19	7472.122199601068	1	3
1076	20	7512.375187570437	1	3
1077	21	7552.446949014545	1	3
1078	22	7583.6781699919775	1	3
1079	23	7618.986645421484	1	3
1080	24	7620.076964273297	1	3
1081	25	7640.722841504641	1	3
1082	26	7656.6080347780735	1	3
1083	27	7662.511660843876	1	3
1084	28	7666.163349124465	1	3
1085	29	7685.7824802072955	1	3
1086	30	7688.120097935517	1	3
1087	31	7698.182377194528	1	3
1088	32	7707.139239356842	1	3
1089	33	7713.876770225666	1	3
1090	34	7730.451436358542	1	3
1091	35	7736.66182997737	1	3
1092	36	7755.178516949217	1	3
1093	37	7755.3863137206445	1	3
1094	38	7767.583494328503	1	3
1095	39	7784.339830952007	1	3
1096	40	7779.3587532242955	1	3
1097	41	7798.4467514671705	1	3
1098	42	7784.013723546641	1	3
1099	43	7788.6973468755305	1	3
1100	44	7795.394971290974	1	3
1101	45	7804.815607986895	1	3
1102	46	7801.809145022074	1	3
1103	47	7792.757654917436	1	3
1104	48	7797.4690427713	1	3
1105	1	7809.598444000136	1	3
1106	2	7821.380816013647	1	3
1107	3	7827.240053580747	1	3
1108	4	7835.256994710962	1	3
1109	5	7866.778866713384	1	3
1110	6	7866.631189449566	1	3
1111	7	7870.337591484218	1	3
1112	8	7877.261441374462	1	3
1113	9	7904.2423952080335	1	3
1114	10	7926.404578483033	1	3
1115	11	7916.711330868116	1	3
1116	12	7911.008320989014	1	3
1117	13	7914.707338450012	1	3
1118	14	7907.072836176319	1	3
1119	15	7911.789439498797	1	3
1120	16	7923.046300200495	1	3
1121	17	7919.7464473957725	1	3
1122	18	7913.307384046925	1	3
1123	19	7933.502436345232	1	3
1124	20	7941.569465347657	1	3
1125	21	7939.670736571206	1	3
1126	22	7933.796904598075	1	3
1127	23	7936.358614875936	1	3
1128	24	7948.324102281802	1	3
1129	25	7945.027976159067	1	3
1130	26	7960.4890868403	1	3
1131	27	7963.033044082859	1	3
1132	28	7968.693417717109	1	3
1133	29	7972.427013482167	1	3
1134	30	7978.9666613606505	1	3
1135	31	7979.42216150295	1	3
1136	32	7983.87382265007	1	3
1137	33	7985.489719459068	1	3
1138	34	7981.978668610355	1	3
1139	35	7996.753706356148	1	3
1140	36	7997.120755931095	1	3
1141	37	7998.574213577722	1	3
1142	38	7989.954867719289	1	3
1143	39	7987.707716247561	1	3
1144	40	7990.307341730034	1	3
1145	41	7979.907038618332	1	3
1146	42	7982.742625868964	1	3
1147	43	7979.760107262543	1	3
1148	44	7995.241399082599	1	3
1149	45	7984.226391845616	1	3
1150	46	7995.696570195081	1	3
1151	47	7998.001650535767	1	3
1152	48	8004.064208555423	1	3
1153	1	7989.088345666922	1	3
1154	2	7991.922777064517	1	3
1155	3	7992.701081840616	1	3
1156	4	7966.414737525733	1	3
1157	5	7940.274225963507	1	3
1158	6	7920.203152521438	1	3
1159	7	7902.04560734678	1	3
1160	8	7889.479945351906	1	3
1161	9	7885.363590892138	1	3
1162	10	7862.968478684718	1	3
1163	11	7849.449609055181	1	3
1164	12	7844.231925269008	1	3
1165	13	7842.02919073964	1	3
1166	14	7839.648808096554	1	3
1167	15	7822.461044991933	1	3
1168	16	7828.024126430803	1	3
1169	17	7820.019356182811	1	3
1170	18	7814.0841850399	1	3
1171	19	7778.217096948184	1	3
1172	20	7756.4697934689275	1	3
1173	21	7746.642299635305	1	3
1174	22	7759.987022183349	1	3
1175	23	7762.776658073815	1	3
1176	24	7751.512063372663	1	3
1177	25	7743.330834121818	1	3
1178	26	7725.547243930288	1	3
1179	27	7724.298727759141	1	3
1180	28	7729.574707214202	1	3
1181	29	7724.744634606966	1	3
1182	30	7717.519819157264	1	3
1183	31	7715.4084120586585	1	3
1184	32	7713.386027213727	1	3
1185	33	7721.162258306054	1	3
1186	34	7722.425819296711	1	3
1187	35	7719.541819827943	1	3
1188	36	7724.060907040855	1	3
1189	37	7729.128899208557	1	3
1190	38	7733.007123498188	1	3
1191	39	7741.117960655919	1	3
1192	40	7753.976225435201	1	3
1193	41	7752.669957249962	1	3
1194	42	7755.831585867742	1	3
1195	43	7753.367632923386	1	3
1196	44	7728.118367298756	1	3
1197	45	7714.8136125044375	1	3
1198	46	7686.884318699615	1	3
1199	47	7692.1098440269925	1	3
1200	48	7670.663765197162	1	3
1201	1	7670.112440061642	1	3
1202	2	7667.281089555608	1	3
1203	3	7671.0660746701205	1	3
1204	4	7680.257553247051	1	3
1205	5	7689.385581975804	1	3
1206	6	7700.38473894297	1	3
1207	7	7740.672388531891	1	3
1208	8	7785.3625909342845	1	3
1209	9	7803.808562698927	1	3
1210	10	7835.95205361917	1	3
1211	11	7866.468743323772	1	3
1212	12	7874.323866860927	1	3
1213	13	7885.068482449388	1	3
1214	14	7874.766742166249	1	3
1215	15	7875.445800478918	1	3
1216	16	7862.200414210002	1	3
1217	17	7873.305220132522	1	3
1218	18	7891.146925959732	1	3
1219	19	7909.31334713023	1	3
1220	20	7937.712963866913	1	3
1221	21	7937.786567442272	1	3
1222	22	7927.037881423527	1	3
1223	23	7920.866094956458	1	3
1224	24	7927.847893915941	1	3
1225	25	7946.882106762926	1	3
1226	26	7957.371243143426	1	3
1227	27	7969.913519206231	1	3
1228	28	7969.090325471595	1	3
1229	29	7973.161900227335	1	3
1230	30	7978.9666613606505	1	3
1231	31	7988.339291270533	1	3
1232	32	7984.578955519825	1	3
1233	33	7974.514029079069	1	3
1234	34	7971.986069903381	1	3
1235	35	7973.705700953819	1	3
1236	36	7973.161900227335	1	3
1237	37	7962.68014237981	1	3
1238	38	7963.180084822108	1	3
1239	39	7958.356646223645	1	3
1240	40	7953.8410858248835	1	3
1241	41	7954.5177423488785	1	3
1242	42	7940.450853927924	1	3
1243	43	7925.417768368224	1	3
1244	44	7921.278582540524	1	3
1245	45	7925.5061411996285	1	3
1246	46	7927.715348425726	1	3
1247	47	7896.9287582335655	1	3
1248	48	7888.668537913253	1	3
1249	1	7857.532373101034	1	3
1250	2	7839.323518513418	1	3
1251	3	7821.306825791393	1	3
1252	4	7800.224292279215	1	3
1253	5	7781.43433969696	1	3
1254	6	7763.028894854114	1	3
1255	7	7733.7054277571315	1	3
1256	8	7670.827669959797	1	3
1257	9	7631.633930876151	1	3
1258	10	7590.873142683984	1	3
1259	11	7564.669400094105	1	3
1260	12	7541.866469498751	1	3
1261	13	7498.365209977845	1	3
1262	14	7475.265265535461	1	3
1263	15	7449.71614300614	1	3
1264	16	7441.147678302475	1	3
1265	17	7419.779034189453	1	2
1266	18	7378.879644257739	1	2
1267	19	7349.158347328257	1	2
1268	20	7298.992008082507	1	2
1269	21	7268.137856232763	1	1
1270	22	7237.40450339924	1	1
1271	23	7204.004392243879	0	1
1272	24	7178.559743261165	0	2
1273	25	7155.633709964419	0	2
1274	26	7139.45381519416	0	2
1275	27	7115.30493363776	0	2
1276	28	7099.904222801401	0	2
1277	29	7086.192830123575	0	2
1278	30	7079.371931152362	0	2
1279	31	7068.070166146119	0	2
1280	32	7071.919926071866	0	2
1281	33	7070.2942217272675	0	2
1282	34	7066.674252776922	0	2
1283	35	7061.150999085084	0	2
1284	36	7065.293582923786	0	2
1285	37	7078.17611781033	0	2
1286	38	7084.9974251688645	0	2
1287	39	7083.219511137362	0	2
1288	40	7077.56285240642	0	2
1289	41	7084.031853561437	0	2
1290	42	7104.436873780928	0	2
1291	43	7121.302805154871	0	2
1292	44	7146.743250970126	0	2
1293	45	7161.573774597498	0	2
1294	46	7198.381570430709	0	1
1295	47	7247.030744032198	1	1
1296	48	7288.950145783495	1	2
1297	1	7330.087681943327	1	2
1298	2	7366.306952048946	1	2
1299	3	7397.70935985117	1	2
1300	4	7431.611335927135	1	3
1301	5	7463.683229245451	1	3
1302	6	7484.466190535587	1	3
1303	7	7484.1054455401245	1	3
1304	8	7497.77938184205	1	3
1305	9	7481.54999191178	1	3
1306	10	7448.240628549832	1	3
1307	11	7434.639933601019	1	3
1308	12	7447.367316059416	1	3
1309	13	7488.013187960326	1	3
1310	14	7524.9207412598635	1	3
1311	15	7571.002547117938	1	3
1312	16	7598.887977251979	1	3
1313	17	7614.281210133705	1	3
1314	18	7631.245813141761	1	3
1315	19	7655.907244727406	1	3
1316	20	7679.33411264166	1	3
1317	21	7695.95002577508	1	3
1318	22	7718.263223593763	1	3
1319	23	7742.142742025866	1	3
1320	24	7755.74253216361	1	3
1321	25	7755.119146080406	1	3
1322	26	7756.306532832052	1	3
1323	27	7764.809307112595	1	3
1324	28	7776.571228115006	1	3
1325	29	7784.05819302359	1	3
1326	30	7795.632017935986	1	3
1327	31	7797.409786301517	1	3
1328	32	7803.305022771824	1	3
1329	33	7802.312719185286	1	3
1330	34	7805.00812610368	1	3
1331	35	7808.710070066902	1	3
1332	36	7807.170136999698	1	3
1333	37	7790.045926579411	1	3
1334	38	7782.042152850488	1	3
1335	39	7778.053998343342	1	3
1336	40	7776.823306127189	1	3
1337	41	7764.527418152591	1	3
1338	42	7743.360535595864	1	3
1339	43	7739.721804264486	1	3
1340	44	7725.681009275776	1	3
1341	45	7713.311671245965	1	3
1342	46	7688.7751812488705	1	3
1343	47	7650.270275901252	1	3
1344	48	7615.864741548228	1	3
1345	1	7615.312012717806	1	3
1346	2	7606.989482728033	1	3
1347	3	7602.281415826018	1	3
1348	4	7605.524861569408	1	3
1349	5	7609.709228167714	1	3
1350	6	7610.546003562637	1	3
1351	7	7603.208164678843	1	3
1352	8	7590.170206259424	1	3
1353	9	7609.260942211295	1	3
1354	10	7653.446844184461	1	3
1355	11	7678.008459701402	1	3
1356	12	7663.406008907092	1	3
1357	13	7647.779399878674	1	3
1358	14	7647.824148692197	1	3
1359	15	7642.558067347637	1	3
1360	16	7622.361973623626	1	3
1361	17	7631.260740876371	1	3
1362	18	7634.261005345904	1	3
1363	19	7632.171313106153	1	3
1364	20	7629.603699103769	1	3
1365	21	7651.403752992929	1	3
1366	22	7655.981797941782	1	3
1367	23	7664.672938637215	1	3
1368	24	7667.936803713284	1	3
1369	25	7675.282423849543	1	3
1370	26	7680.704365210311	1	3
1371	27	7683.861573737636	1	3
1372	28	7678.14251818211	1	3
1373	29	7685.5740179746645	1	3
1374	30	7678.738323609213	1	3
1375	31	7676.906169607304	1	3
1376	32	7667.221478191488	1	3
1377	33	7678.41063265329	1	3
1378	34	7684.338093549977	1	3
1379	35	7696.783463831799	1	3
1380	36	7684.3976577896465	1	3
1381	37	7689.177154391445	1	3
1382	38	7702.423212559774	1	3
1383	39	7702.943959807091	1	3
1384	40	7709.548927324829	1	3
1385	41	7703.479572522215	1	3
1386	42	7701.664387074621	1	3
1387	43	7687.316104994483	1	3
1388	44	7684.2785291465525	1	3
1389	45	7686.824761294258	1	3
1390	46	7673.4201801150875	1	3
1391	47	7662.943933696538	1	3
1392	48	7648.927923366654	1	3
1393	1	7631.72349551305	1	3
1394	2	7601.788129937108	1	3
1395	3	7575.597768190261	1	3
1396	4	7542.915760546771	1	3
1397	5	7485.0824489714205	1	3
1398	6	7445.018226362238	1	3
1399	7	7429.35090317011	1	3
1400	8	7442.262228357254	1	3
1401	9	7429.622167978245	1	3
1402	10	7402.1161068996535	1	2
1403	11	7371.188840197943	1	2
1404	12	7386.144766882841	1	2
1405	13	7387.322656038656	1	2
1406	14	7363.283535838336	1	2
1407	15	7363.948725174628	1	2
1408	16	7353.3333873725815	1	2
1409	17	7335.2808822292045	1	2
1410	18	7314.606320528801	1	2
1411	19	7288.25219061118	1	2
1412	20	7273.802225538871	1	1
1413	21	7243.716058052708	1	1
1414	22	7229.919359291341	0	1
1415	23	7214.2403322392975	0	1
1416	24	7207.569277761259	0	1
1417	25	7200.240778677398	0	1
1418	26	7190.729592619543	0	1
1419	27	7180.878373613092	0	2
1420	28	7178.422447609578	0	2
1421	29	7163.390566159845	0	2
1422	30	7152.685933690809	0	2
1423	31	7146.850204186613	0	2
1424	32	7136.427236435212	0	2
1425	33	7116.253695922384	0	2
1426	34	7104.758408026471	0	2
1427	35	7074.235559071613	0	2
1428	36	7064.910046539139	0	2
1429	37	7048.487758841445	0	2
1430	38	7019.785238222817	0	2
1431	39	7015.233269028246	0	2
1432	40	7001.247863440882	0	2
1433	41	7012.618488803375	0	2
1434	42	7011.695542641228	0	2
1435	43	7008.680284859118	0	2
1436	44	6997.676844178489	0	2
1437	45	6982.400360329902	0	2
1438	46	6980.628630522654	0	2
1439	47	6976.31418655625	0	2
1440	48	6968.777047861797	0	2
1441	1	6942.706146378203	0	2
1442	2	6929.56498919446	0	2
1443	3	6906.99902499141	0	1
1444	4	6895.350328939988	0	1
1445	5	6891.558743855068	0	1
1446	6	6899.527954230686	0	1
1447	7	6916.244953458752	0	2
1448	8	6933.21019041423	0	2
1449	9	6950.978541381768	0	2
1450	10	6936.731180094542	0	2
1451	11	6912.117296636235	0	2
1452	12	6846.59132239358	-1	1
1453	13	6798.626447396628	-1	2
1454	14	6756.994949444684	-1	2
1455	15	6707.913711960566	-1	2
1456	16	6688.464547465326	-1	2
1457	17	6669.183207403549	-1	3
1458	18	6653.784636743257	-1	3
1459	19	6661.3210181617505	-1	3
1460	20	6649.693981769019	-1	3
1461	21	6644.33246187477	-1	3
1462	22	6631.879035210641	-1	3
1463	23	6621.85066733912	-1	3
1464	24	6614.314077353802	-1	3
1465	25	6599.6718253649515	-1	3
1466	26	6589.138621740768	-1	3
1467	27	6578.992803601215	-1	3
1468	28	6568.6997471078885	-1	3
1469	29	6562.385731605458	-1	3
1470	30	6559.598061808774	-1	3
1471	31	6563.724293827696	-1	3
1472	32	6558.322208379881	-1	3
1473	33	6563.661304835098	-1	3
1474	34	6580.078435132966	-1	3
1475	35	6588.022066734104	-1	3
1476	36	6594.893320166593	-1	3
1477	37	6598.6030557657605	-1	3
1478	38	6606.20884488003	-1	3
1479	39	6599.184599778928	-1	3
1480	40	6611.0629830037215	-1	3
1481	41	6613.261852818952	-1	3
1482	42	6619.7470088449345	-1	3
1483	43	6620.312194117023	-1	3
1484	44	6624.001177665173	-1	3
1485	45	6623.090772864425	-1	3
1486	46	6615.947263529975	-1	3
1487	47	6611.15722560088	-1	3
1488	48	6609.382243332483	-1	3
1489	1	6610.59176287095	-1	3
1490	2	6627.2970997997	-1	3
1491	3	6638.091099833547	-1	3
1492	4	6634.389208659235	-1	3
1493	5	6647.013413536383	-1	3
1494	6	6654.082389056482	-1	3
1495	7	6636.067699221344	-1	3
1496	8	6605.234723064257	-1	3
1497	9	6571.297158381558	-1	3
1498	10	6567.345800462039	-1	3
1499	11	6593.1325087201485	-1	3
1500	12	6623.718642993385	-1	3
1501	13	6637.369602230249	-1	3
1502	14	6645.41429554793	-1	3
1503	15	6644.003195748895	-1	3
1504	16	6646.245226827151	-1	3
1505	17	6633.746008814322	-1	3
1506	18	6631.376960088373	-1	3
1507	19	6608.156935708591	-1	3
1508	20	6602.720624877299	-1	3
1509	21	6594.736111638083	-1	3
1510	22	6588.195058522644	-1	3
1511	23	6579.1501454408135	-1	3
1512	24	6567.456009122277	-1	3
1513	25	6568.495087104619	-1	3
1514	26	6568.274681495026	-1	3
1515	27	6569.376683316264	-1	3
1516	28	6566.558576670149	-1	3
1517	29	6558.353711993522	-1	3
1518	30	6545.212044765081	-1	3
1519	31	6528.65345979456	-1	3
1520	32	6529.442301371406	-1	3
1521	33	6517.06937121579	-1	3
1522	34	6490.812420229695	-1	3
1523	35	6481.482301377323	-1	3
1524	36	6468.6653903666165	-1	3
1525	37	6464.137761789104	-1	3
1526	38	6457.470918696876	-1	3
1527	39	6455.39593989443	-1	3
1528	40	6435.838328619509	-1	3
1529	41	6417.354933510029	-1	3
1530	42	6422.29097275475	-1	3
1531	43	6422.608356881264	-1	3
1532	44	6426.9718247808305	-1	3
1533	45	6427.542964617883	-1	3
1534	46	6438.930275879351	-1	3
1535	47	6445.477123838376	-1	3
1536	48	6461.24012262294	-1	3
1537	1	6487.950635567889	-1	3
1538	2	6489.784759009144	-1	3
1539	3	6503.455837927449	-1	3
1540	4	6513.232703031469	-1	3
1541	5	6509.948004617475	-1	3
1542	6	6518.50594203344	-1	3
1543	7	6526.050042712462	-1	3
1544	8	6523.572509896661	-1	3
1545	9	6520.778967574767	-1	3
1546	10	6515.948452250828	-1	3
1547	11	6486.63817575923	-1	3
1548	12	6469.219393593975	-1	3
1549	13	6450.9759216345565	-1	3
1550	14	6446.237863582415	-1	3
1551	15	6461.572661998218	-1	3
1552	16	6466.544193876813	-1	3
1553	17	6501.370274879266	-1	3
1554	18	6557.455837971549	-1	3
1555	19	6588.556763420494	-1	3
1556	20	6618.94630041321	-1	3
1557	21	6635.001012379515	-1	3
1558	22	6644.755795533794	-1	3
1559	23	6649.349134823938	-1	3
1560	24	6651.527833983434	-1	3
1561	25	6662.5585130750715	-1	3
1562	26	6675.242054302705	-1	2
1563	27	6681.095521449009	-1	2
1564	28	6693.735311041129	-1	2
1565	29	6707.538676241553	-1	2
1566	30	6724.1112877563655	-1	2
1567	31	6735.98904143712	-1	2
1568	32	6745.925684073483	-1	2
1569	33	6758.272957282073	-1	2
1570	34	6767.979902648923	-1	2
1571	35	6772.621286650104	-1	2
1572	36	6785.075803853462	-1	2
1573	37	6788.810577895121	-1	2
1574	38	6801.798807052026	-1	2
1575	39	6805.343764650618	-1	2
1576	40	6808.359572611582	-1	2
1577	41	6809.24557046741	-1	1
1578	42	6798.144327188762	-1	2
1579	43	6800.430402550603	-1	2
1580	44	6798.875278888919	-1	2
1581	45	6802.46742374247	-1	2
1582	46	6807.9398751447025	-1	2
1583	47	6826.149421484954	-1	1
1584	48	6825.388446152878	-1	1
1585	1	6812.431716126338	-1	1
1586	2	6819.7500791220355	-1	1
1587	3	6822.390842427094	-1	1
1588	4	6818.491705513167	-1	1
1589	5	6828.5874459748575	-1	1
1590	6	6828.463222892538	-1	1
1591	7	6862.036435568737	0	1
1592	8	6883.69464968832	0	1
1593	9	6913.276839068071	0	2
1594	10	6923.0915362904325	0	2
1595	11	6927.26321954596	0	2
1596	12	6940.035392105226	0	2
1597	13	6954.2957784023465	0	2
1598	14	6971.813829631626	0	2
1599	15	6964.059085343855	0	2
1600	16	6958.244873073829	0	2
1601	17	6935.325948830246	0	2
1602	18	6892.982609467109	0	1
1603	19	6874.789515871286	0	1
1604	20	6864.252944404767	0	1
1605	21	6871.815064502912	0	1
1606	22	6872.713644811523	0	1
1607	23	6874.495189471468	0	1
1608	24	6879.900788157703	0	1
1609	25	6880.938366839682	0	1
1610	26	6874.603626033437	0	1
1611	27	6872.822091341285	0	1
1612	28	6864.46993162749	0	1
1613	29	6850.56232956706	-1	1
1614	30	6839.096923237215	-1	1
1615	31	6841.47124049277	-1	1
1616	32	6835.791014309661	-1	1
1617	33	6828.83588973524	-1	1
1618	34	6820.045241254859	-1	1
1619	35	6822.856821848625	-1	1
1620	36	6813.706026417705	-1	1
1621	37	6813.36414658752	-1	1
1622	38	6803.167113926474	-1	2
1623	39	6815.104562380087	-1	1
1624	40	6820.899632418745	-1	1
1625	41	6822.499571968347	-1	1
1626	42	6825.714582122246	-1	1
1627	43	6835.0614650901925	-1	1
1628	44	6829.705417654378	-1	1
1629	45	6832.717407274483	-1	1
1630	46	6822.8878867421	-1	1
1631	47	6809.945013579885	-1	1
1632	48	6807.893241526421	-1	2
1633	1	6820.138449408231	-1	1
1634	2	6825.667991607838	-1	1
1635	3	6823.493642139181	-1	1
1636	4	6838.476138497405	-1	1
1637	5	6837.234509055782	-1	1
1638	6	6824.099378465431	-1	1
1639	7	6808.981329771581	-1	2
1640	8	6807.053817023775	-1	2
1641	9	6838.615816806309	-1	1
1642	10	6894.76229481112	0	1
1643	11	6953.154095053669	0	2
1644	12	6965.338906137962	0	2
1645	13	6986.0049531790755	0	2
1646	14	7005.356814751985	0	2
1647	15	7030.392186149543	0	2
1648	16	7043.266621064956	0	2
1649	17	7043.71200693967	0	2
1650	18	7066.7202734577	0	2
1651	19	7073.99020671954	0	2
1652	20	7069.189894111378	0	2
1653	21	7065.3856305573845	0	2
1654	22	7068.760416849	0	2
1655	23	7078.099460665397	0	2
1656	24	7087.142972790766	0	2
1657	25	7076.336265057419	0	2
1658	26	7080.460365634964	0	2
1659	27	7089.870550759607	0	2
1660	28	7093.16460105477	0	2
1661	29	7103.472240077157	0	2
1662	30	7105.646428182591	0	2
1663	31	7097.545613378341	0	2
1664	32	7097.05547783896	0	2
1665	33	7109.871640167289	0	2
1666	34	7138.6742853913975	0	2
1667	35	7139.68308292092	0	2
1668	36	7146.819646182686	0	2
1669	37	7153.739851365081	0	2
1670	38	7155.984970643881	0	2
1671	39	7158.0313243336295	0	2
1672	40	7163.940151579323	0	2
1673	41	7167.8478834662055	0	2
1674	42	7181.503748173408	0	2
1675	43	7197.314734709045	0	1
1676	44	7219.691304809894	0	1
1677	45	7233.951333090902	0	1
1678	46	7253.141737234808	1	1
1679	47	7270.841155300984	1	1
1680	48	7279.859699041962	1	1
1681	1	7270.203330352135	1	1
1682	2	7258.020100020549	1	1
1683	3	7259.767517157789	1	1
1684	4	7279.586468069819	1	1
1685	5	7288.145977963457	1	2
1686	6	7321.121419578396	1	2
1687	7	7319.1065040023295	1	2
1688	8	7323.408792130805	1	2
1689	9	7281.483830317998	1	1
1690	10	7240.339999237288	1	1
1691	11	7238.02814146029	1	1
1692	12	7255.512675656574	1	1
1693	13	7255.679846840898	1	1
1694	14	7245.6927703831	1	1
1695	15	7229.021566028193	0	1
1696	16	7230.680170089616	0	1
1697	17	7232.338639234064	0	1
1698	18	7210.417689786533	0	1
1699	19	7199.174040669072	0	1
1700	20	7228.367217212226	0	1
1701	21	7223.984060173708	0	1
1702	22	7227.4845739017655	0	1
1703	23	7243.594407968851	1	1
1704	24	7247.441241111484	1	1
1705	25	7252.898548523134	1	1
1706	26	7251.348152498121	1	1
1707	27	7246.164112005306	1	1
1708	28	7248.642277802737	1	1
1709	29	7255.421490798445	1	1
1710	30	7260.46644224671	1	1
1711	31	7268.092291957183	1	1
1712	32	7271.2056177911645	1	1
1713	33	7258.76466991085	1	1
1714	34	7232.38428326657	0	1
1715	35	7249.09834919643	1	1
1716	36	7255.2239222115995	1	1
1717	37	7269.580672569106	1	1
1718	38	7275.988587638647	1	1
1719	39	7263.383437198491	1	1
1720	40	7254.904768925306	1	1
1721	41	7253.020143240443	1	1
1722	42	7235.639960756926	0	1
1723	43	7205.466985045939	0	1
1724	44	7184.859086770149	0	2
1725	45	7168.6110241516235	0	2
1726	46	7163.146301173459	0	2
1727	47	7150.639037668026	0	2
1728	48	7137.451432721087	0	2
1729	1	7126.610651000817	0	2
1730	2	7110.116552681816	0	2
1731	3	7089.947162744307	0	2
1732	4	7048.472404565336	0	2
1733	5	7014.60267719424	0	2
1734	6	6971.181847722394	0	2
1735	7	6941.085211822728	0	2
1736	8	6894.777769621318	0	1
1737	9	6865.771803885962	0	1
1738	10	6843.41082528798	-1	1
1739	11	6774.225261065938	-1	2
1740	12	6711.21058100134	-1	2
1741	13	6689.02766665215	-1	2
1742	14	6669.418082787962	-1	3
1743	15	6644.2227071424695	-1	3
1744	16	6608.37686865093	-1	3
1745	17	6583.429331862327	-1	3
1746	18	6555.376383340688	-1	3
1747	19	6544.297767972123	-1	3
1748	20	6492.393324829884	-1	3
1749	21	6468.997794322174	-1	3
1750	22	6448.916048091244	-1	3
1751	23	6412.131741047536	-1	3
1752	24	6385.945392381102	-1	3
1753	25	6372.392366168319	-1	3
1754	26	6358.781333461239	-1	3
1755	27	6352.394119735343	-1	3
1756	28	6341.573665209296	-1	3
1757	29	6326.662901921239	-1	3
1758	30	6319.146983438236	-1	3
1759	31	6309.951230034778	-1	3
1760	32	6303.195070990813	-1	3
1761	33	6297.539005884542	-1	3
1762	34	6295.397539440736	-1	3
1763	35	6275.72870547985	-1	3
1764	36	6264.6053451123535	-1	3
1765	37	6242.9787688863435	-1	3
1766	38	6230.326929686874	-1	3
1767	39	6222.962541129913	-1	3
1768	40	6221.2774427294535	-1	3
1769	41	6218.693310738316	-1	3
1770	42	6224.64747771968	-1	3
1771	43	6221.9835989029725	-1	3
1772	44	6216.847268996252	-1	3
1773	45	6227.182601338714	-1	3
1774	46	6202.875255715237	-1	3
1775	47	6195.499315664511	-1	3
1776	48	6193.763347811532	-1	3
1777	1	6185.450813612042	-1	3
1778	2	6178.3410170823645	-1	3
1779	3	6171.308794416954	-1	3
1780	4	6180.014171322522	-1	3
1781	5	6188.02378114206	-1	3
1782	6	6185.75637336464	-1	3
1783	7	6191.850368583718	-1	3
1784	8	6214.792315634203	-1	3
1785	9	6227.872476682528	-1	3
1786	10	6230.968560199774	-1	3
1787	11	6247.17800214094	-1	3
1788	12	6255.285139843271	-1	3
1789	13	6254.7565270952755	-1	3
1790	14	6261.371054778892	-1	3
1791	15	6263.996959487572	-1	3
1792	16	6270.624031954629	-1	3
1793	17	6288.412005819846	-1	3
1794	18	6297.922524842817	-1	3
1795	19	6300.415196223583	-1	3
1796	20	6310.685787676403	-1	3
1797	21	6310.4143242544815	-1	3
1798	22	6303.86601010093	-1	3
1799	23	6302.124710929648	-1	3
1800	24	6299.232818796026	-1	3
1801	25	6297.027634388113	-1	3
1802	26	6297.155478642901	-1	3
1803	27	6292.408643170596	-1	3
1804	28	6297.235380834702	-1	3
1805	29	6299.776083062735	-1	3
1806	30	6304.32926280172	-1	3
1807	31	6309.424246087985	-1	3
1808	32	6307.124497065332	-1	3
1809	33	6311.691763072721	-1	3
1810	34	6313.639680758698	-1	3
1811	35	6304.632766646202	-1	3
1812	36	6312.090943899318	-1	3
1813	37	6310.430292805707	-1	3
1814	38	6318.4127747896	-1	3
1815	39	6322.083515569965	-1	3
1816	40	6331.3846616463825	-1	3
1817	41	6333.154999577948	-1	3
1818	42	6338.305525472359	-1	3
1819	43	6345.335271984118	-1	3
1820	44	6348.952681625338	-1	3
1821	45	6329.677953482748	-1	3
1822	46	6323.966471829028	-1	3
1823	47	6305.415463175758	-1	3
1824	48	6294.8861062569	-1	3
1825	1	6301.581518477319	-1	3
1826	2	6309.775570453519	-1	3
1827	3	6317.582763359375	-1	3
1828	4	6312.553982442336	-1	3
1829	5	6317.375254459159	-1	3
1830	6	6314.948817143587	-1	3
1831	7	6307.300182827847	-1	3
1832	8	6289.323318398916	-1	3
1833	9	6270.944117475348	-1	3
1834	10	6250.382850070702	-1	3
1835	11	6241.215433448449	-1	3
1836	12	6244.998372465157	-1	3
1837	13	6254.243917784031	-1	3
1838	14	6250.5430771677775	-1	3
1839	15	6243.812284153684	-1	3
1840	16	6233.903721045494	-1	3
1841	17	6213.331225661498	-1	3
1842	18	6235.555535916461	-1	3
1843	19	6250.302735975918	-1	3
1844	20	6250.671257796672	-1	3
1845	21	6265.357793085296	-1	3
1846	22	6282.431353799691	-1	3
1847	23	6293.783278305309	-1	3
1848	24	6317.917964938248	-1	3
1849	25	6322.131389803093	-1	3
1850	26	6324.716407511591	-1	3
1851	27	6323.854776582119	-1	3
1852	28	6315.555457466325	-1	3
1853	29	6311.61192583299	-1	3
1854	30	6312.538015796552	-1	3
1855	31	6306.198125250518	-1	3
1856	32	6308.513964319468	-1	3
1857	33	6302.556057813735	-1	3
1858	34	6302.476179551037	-1	3
1859	35	6303.770163207202	-1	3
1860	36	6306.006456091023	-1	3
1861	37	6301.629447891052	-1	3
1862	38	6293.175894516415	-1	3
1863	39	6297.043614970303	-1	3
1864	40	6303.163120877638	-1	3
1865	41	6307.124497065332	-1	3
1866	42	6305.44740924096	-1	3
1867	43	6325.562041834755	-1	3
1868	44	6347.996609190785	-1	3
1869	45	6369.782394698797	-1	3
1870	46	6383.003408093691	-1	3
1871	47	6393.973768953424	-1	3
1872	48	6391.478201359574	-1	3
1873	1	6401.220084147934	-1	3
1874	2	6423.338319264437	-1	3
1875	3	6448.329733734068	-1	3
1876	4	6480.960306651363	-1	3
1877	5	6501.702084869917	-1	3
1878	6	6526.602313473866	-1	3
1879	7	6547.986124739621	-1	3
1880	8	6576.94723822443	-1	3
1881	9	6626.73212586843	-1	3
1882	10	6654.333124181664	-1	3
1883	11	6690.325905162329	-1	2
1884	12	6719.42681695432	-1	2
1885	13	6699.676840295723	-1	2
1886	14	6703.553462305468	-1	2
1887	15	6740.513431844223	-1	2
1888	16	6775.486544401519	-1	2
1889	17	6799.295174708633	-1	2
1890	18	6790.506547159071	-1	2
1891	19	6795.795761792336	-1	2
1892	20	6828.214774323486	-1	1
1893	21	6826.941425083227	-1	1
1894	22	6825.994122840327	-1	1
1895	23	6821.552051022573	-1	1
1896	24	6808.577189908078	-1	2
1897	25	6803.9911607482645	-1	2
1898	26	6798.253194102046	-1	2
1899	27	6795.049137664838	-1	2
1900	28	6802.187540522291	-1	2
1901	29	6803.151565532992	-1	2
1902	30	6796.417926343557	-1	2
1903	31	6801.674410677473	-1	2
1904	32	6798.299851161331	-1	2
1905	33	6803.19821067564	-1	2
1906	34	6799.621753988332	-1	2
1907	35	6799.341829232045	-1	2
1908	36	6781.044542087731	-1	2
1909	37	6785.85394189077	-1	2
1910	38	6790.102017675712	-1	2
1911	39	6800.119387908736	-1	2
1912	40	6794.006926168859	-1	2
1913	41	6785.106929982586	-1	2
1914	42	6782.772329745754	-1	2
1915	43	6758.880760202277	-1	2
1916	44	6739.374635026778	-1	2
1917	45	6719.317498809913	-1	2
1918	46	6731.2450748454685	-1	2
1919	47	6730.44909589274	-1	2
1920	48	6767.933171568188	-1	2
1921	1	6799.481792121053	-1	2
1922	2	6804.457586658232	-1	2
1923	3	6814.203295311104	-1	1
1924	4	6811.872236123858	-1	1
1925	5	6802.576266114065	-1	2
1926	6	6799.3262777368545	-1	2
1927	7	6801.643311457774	-1	2
1928	8	6801.783257549335	-1	2
1929	9	6776.436344788625	-1	2
1930	10	6819.7500791220355	-1	1
1931	11	6814.047900164431	-1	1
1932	12	6817.093416009656	-1	1
1933	13	6846.870560528497	-1	1
1934	14	6850.701920432112	-1	1
1935	15	6851.368840642967	-1	1
1936	16	6883.400458382985	0	1
1937	17	6899.620780157861	0	1
1938	18	6908.560936238393	0	1
1939	19	6899.141174766565	0	1
1940	20	6873.6431668043115	0	1
1941	21	6892.951656976056	0	1
1942	22	6902.328008229926	0	1
1943	23	6912.08637456041	0	2
1944	24	6908.45268900309	0	1
1945	25	6916.1831223502895	0	2
1946	26	6934.831777574996	0	2
1947	27	6943.52428142189	0	2
1948	28	6950.885959273497	0	2
1949	29	6956.285851268749	0	2
1950	30	6964.968846046154	0	2
1951	31	6971.366820140419	0	2
1952	32	6987.360355888653	0	2
1953	33	6995.798721301176	0	2
1954	34	7002.848455496659	0	2
1955	35	7015.064087826513	0	2
1956	36	7027.272180907285	0	2
1957	37	7032.697293292072	0	2
1958	38	7042.667638104972	0	2
1959	39	7036.077632505465	0	2
1960	40	7030.730285302098	0	2
1961	41	7040.962741550115	0	2
1962	42	7021.3535796831575	0	2
1963	43	7024.658990623328	0	2
1964	44	7027.3490342275345	0	2
1965	45	7033.588529552534	0	2
1966	46	7027.594962849303	0	2
1967	47	7038.305268476084	0	2
1968	48	7013.07994572987	0	2
1969	1	6975.4203620041335	0	2
1970	2	6950.777946261082	0	2
1971	3	6932.314398882791	0	2
1972	4	6912.53473985826	0	2
1973	5	6902.977686931369	0	1
1974	6	6893.895685779395	0	1
1975	7	6876.772229910185	0	1
1976	8	6888.385624496371	0	1
1977	9	6907.895979433846	0	1
1978	10	6881.852009587332	0	1
1979	11	6893.307607647201	0	1
1980	12	6885.568079187093	0	1
1981	13	6896.170452104855	0	1
1982	14	6895.3193802187	0	1
1983	15	6887.61161431186	0	1
1984	16	6868.840156462337	0	1
1985	17	6870.498104277054	0	1
1986	18	6880.737049941671	0	1
1987	19	6887.023345940299	0	1
1988	20	6887.472289202675	0	1
1989	21	6870.25019586968	0	1
1990	22	6860.625797737909	0	1
1991	23	6847.909911426938	-1	1
1992	24	6845.101984119149	-1	1
1993	25	6836.411885512514	-1	1
1994	26	6826.102832023139	-1	1
1995	27	6829.146439927981	-1	1
1996	28	6830.512801283257	-1	1
1997	29	6833.788568410456	-1	1
1998	30	6838.56925748242	-1	1
1999	31	6836.225626251452	-1	1
2000	32	6826.832720636372	-1	1
2001	33	6836.675749718325	-1	1
2002	34	6842.138479663466	-1	1
2003	35	6845.644985342001	-1	1
2004	36	6859.866180914158	0	1
2005	37	6858.25383410197	-1	1
2006	38	6845.288157687852	-1	1
2007	39	6844.776176052755	-1	1
2008	40	6846.110402804149	-1	1
2009	41	6841.719518228963	-1	1
2010	42	6869.61491609428	0	1
2011	43	6888.788097602856	0	1
2012	44	6904.43165117038	0	1
2013	45	6913.292299167859	0	2
2014	46	6908.421761111087	0	1
2015	47	6910.524745927557	0	2
2016	48	6914.034369539149	0	2
2017	1	6926.459853538043	0	2
2018	2	6966.233189241903	0	2
2019	3	6991.887957207545	0	2
2020	4	7017.386357944394	0	2
2021	5	7050.652593044079	0	2
2022	6	7072.962760963854	0	2
2023	7	7107.74383677496	0	2
2024	8	7110.897191355813	0	2
2025	9	7110.1930872290295	0	2
2026	10	7125.509426529809	0	2
2027	11	7133.400202390498	0	2
2028	12	7158.122947257611	0	2
2029	13	7156.840188469776	0	2
2030	14	7178.483468014147	0	2
2031	15	7200.515073677315	0	1
2032	16	7227.591101846908	0	1
2033	17	7247.121966317997	1	1
2034	18	7258.597523925961	1	1
2035	19	7270.734852520877	1	1
2036	20	7275.6242101371145	1	1
2037	21	7294.0778723602725	1	2
2038	22	7316.33377976155	1	2
2039	23	7345.39101323676	1	2
2040	24	7370.23673532979	1	2
2041	25	7390.025508867111	1	2
2042	26	7402.644250431266	1	2
2043	27	7405.782656365981	1	2
2044	28	7401.618130757602	1	2
2045	29	7406.491750065165	1	2
2046	30	7401.919935898421	1	2
2047	31	7402.704608841133	1	2
2048	32	7408.965845916393	1	2
2049	33	7399.460096819234	1	2
2050	34	7400.9390532328325	1	2
2051	35	7394.932027356172	1	2
2052	36	7374.014672439005	1	2
2053	37	7381.07002098975	1	2
2054	38	7385.676612949764	1	2
2055	39	7382.202884019111	1	2
2056	40	7398.2376149313395	1	2
2057	41	7400.305227605415	1	2
2058	42	7388.409879220967	1	2
2059	43	7375.963819513239	1	2
2060	44	7359.836304219996	1	2
2061	45	7364.084784004578	1	2
2062	46	7370.614559941921	1	2
2063	47	7362.799748389575	1	2
2064	48	7358.762707278007	1	2
2065	1	7338.656520075595	1	2
2066	2	7305.011741891906	1	2
2067	3	7266.5886140253815	1	1
2068	4	7233.281928479355	0	1
2069	5	7214.560122347335	0	1
2070	6	7198.716850076625	0	1
2071	7	7171.968500967164	0	2
2072	8	7156.290409742571	0	2
2073	9	7150.272407484118	0	2
2074	10	7127.910629997307	0	2
2075	11	7116.391415751155	0	2
2076	12	7100.440231642711	0	2
2077	13	7085.2119902993845	0	2
2078	14	7076.704249178813	0	2
2079	15	7067.088435077712	0	2
2080	16	7028.13292106898	0	2
2081	17	7003.202415066241	0	2
2082	18	6978.51775291838	0	2
2083	19	6970.657749751808	0	2
2084	20	6962.254858930138	0	2
2085	21	6949.281133234097	0	2
2086	22	6920.711732488327	0	2
2087	23	6895.6443393352365	0	1
2088	24	6868.049869708747	0	1
2089	25	6866.515691584675	0	1
2090	26	6852.842187403085	-1	1
2091	27	6839.60905560383	-1	1
2092	28	6833.214185061008	-1	1
2093	29	6818.5227774581435	-1	1
2094	30	6810.986359455819	-1	1
2095	31	6800.041633460041	-1	2
2096	32	6791.408928287304	-1	2
2097	33	6780.670945850272	-1	2
2098	34	6762.682984747751	-1	2
2099	35	6753.503369034136	-1	2
2100	36	6754.095735793748	-1	2
2101	37	6749.855230663232	-1	2
2102	38	6747.204435136808	-1	2
2103	39	6738.891015734464	-1	2
2104	40	6719.910932583899	-1	2
2105	41	6712.835366747743	-1	2
2106	42	6727.155573191429	-1	2
2107	43	6715.256663635988	-1	2
2108	44	6707.6480624277765	-1	2
2109	45	6685.914658468668	-1	2
2110	46	6673.53575474011	-1	2
2111	47	6668.82305944968	-1	3
2112	48	6667.899170110887	-1	3
2113	1	6669.465057512813	-1	3
2114	2	6664.532070474091	-1	3
2115	3	6684.584824930491	-1	2
2116	4	6722.3625540868525	-1	2
2117	5	6729.699908732929	-1	2
2118	6	6729.247260490015	-1	2
2119	7	6725.9066946939465	-1	2
2120	8	6716.709293158107	-1	2
2121	9	6707.054244097661	-1	2
2122	10	6712.679143410003	-1	2
2123	11	6700.958714616175	-1	2
2124	12	6679.530601474902	-1	2
2125	13	6651.76293027338	-1	3
2126	14	6611.518484476337	-1	3
2127	15	6573.815512547657	-1	3
2128	16	6553.564546559957	-1	3
2129	17	6541.538899608709	-1	3
2130	18	6525.418855831536	-1	3
2131	19	6517.716631307673	-1	3
2132	20	6523.682980249951	-1	3
2133	21	6523.61985441503	-1	3
2134	22	6529.757828538536	-1	3
2135	23	6523.982825007583	-1	3
2136	24	6523.3200037406905	-1	3
2137	25	6507.073411279314	-1	3
2138	26	6502.318287491777	-1	3
2139	27	6502.144488849197	-1	3
2140	28	6502.018088801599	-1	3
2141	29	6505.004057086532	-1	3
2142	30	6506.157237454959	-1	3
2143	31	6507.578866910341	-1	3
2144	32	6502.744877175379	-1	3
2145	33	6501.322872961769	-1	3
2146	34	6506.48896084746	-1	3
2147	35	6503.866602687281	-1	3
2148	36	6502.80807480294	-1	3
2149	37	6493.784407955058	-1	3
2150	38	6509.474201540794	-1	3
2151	39	6519.831907753781	-1	3
2152	40	6532.755067010169	-1	3
2153	41	6535.751817873392	-1	3
2154	42	6516.706264109128	-1	3
2155	43	6545.148992647307	-1	3
2156	44	6560.653330859054	-1	3
2157	45	6577.718285511656	-1	3
2158	46	6591.29291149318	-1	3
2159	47	6607.449990810736	-1	3
2160	48	6611.031568698794	-1	3
2161	1	6612.115331629158	-1	3
2162	2	6603.506317024772	-1	3
2163	3	6577.954313987338	-1	3
2164	4	6567.172614099306	-1	3
2165	5	6568.353398085261	-1	3
2166	6	6558.322208379881	-1	3
2167	7	6569.140545588214	-1	3
2168	8	6569.534106795948	-1	3
2169	9	6583.051796275715	-1	3
2170	10	6575.420784754403	-1	3
2171	11	6563.740041042342	-1	3
2172	12	6573.78403523244	-1	3
2173	13	6583.287756917154	-1	3
2174	14	6589.122896079815	-1	3
2175	15	6608.2354834859925	-1	3
2176	16	6644.42653684786	-1	3
2177	17	6670.013087300056	-1	2
2178	18	6692.140161121542	-1	2
2179	19	6713.0228330510545	-1	2
2180	20	6732.290721955613	-1	2
2181	21	6727.342897873973	-1	2
2182	22	6740.217039241463	-1	2
2183	23	6761.358525383352	-1	2
2184	24	6779.721355887759	-1	2
2185	25	6790.631016049909	-1	2
2186	26	6800.010531592269	-1	2
2187	27	6810.178155622369	-1	1
2188	28	6813.115502889696	-1	1
2189	29	6815.788254029714	-1	1
2190	30	6819.408306781795	-1	1
2191	31	6816.86035787023	-1	1
2192	32	6818.445097501559	-1	1
2193	33	6813.286445777644	-1	1
2194	34	6818.212055748651	-1	1
2195	35	6835.666837669227	-1	1
2196	36	6839.655612417337	-1	1
2197	37	6847.7703003800725	-1	1
2198	38	6823.167468526062	-1	1
2199	39	6814.001281375348	-1	1
2200	40	6809.0590480008	-1	1
2201	41	6805.639148220287	-1	2
2202	42	6826.242600070306	-1	1
2203	43	6804.550870479561	-1	2
2204	44	6792.4201669557215	-1	2
2205	45	6781.558224995607	-1	2
2206	46	6778.538194198809	-1	2
2207	47	6781.620488652792	-1	2
2208	48	6799.497343490098	-1	2
2209	1	6816.114552833721	-1	1
2210	2	6847.118768813407	-1	1
2211	3	6872.977013902503	0	1
2212	4	6875.982266584822	0	1
2213	5	6883.354006716628	0	1
2214	6	6918.733492865252	0	2
2215	7	6924.204072307555	0	2
2216	8	6946.82734699919	0	2
2217	9	6968.052467136262	0	2
2218	10	6995.2598825497425	0	2
2219	11	7033.711455548783	0	2
2220	12	7042.406537314436	0	2
2221	13	7071.35247829345	0	2
2222	14	7089.502809146099	0	2
2223	15	7079.709198886629	0	2
2224	16	7042.0839963038325	0	2
2225	17	7008.834135678001	0	2
2226	18	7006.449313366841	0	2
2227	19	6991.395207500153	0	2
2228	20	6973.339750980642	0	2
2229	21	6974.0333124476365	0	2
2230	22	6962.779181131739	0	2
2231	23	6950.870528879589	0	2
2232	24	6952.6603735555145	0	2
2233	25	6948.957065873262	0	2
2234	26	6952.382649748615	0	2
2235	27	6949.975545246482	0	2
2236	28	6946.734745274051	0	2
2237	29	6940.498554805033	0	2
2238	30	6931.6348055085755	0	2
2239	31	6942.381970205051	0	2
2240	32	6951.564884579025	0	2
2241	33	6958.615059943423	0	2
2242	34	6953.184952234488	0	2
2243	35	6947.166882912751	0	2
2244	36	6948.324347482705	0	2
2245	37	6950.978541381768	0	2
2246	38	6959.339988999585	0	2
2247	39	6960.543003655537	0	2
2248	40	6944.188026243502	0	2
2249	41	6947.614443988942	0	2
2250	42	6938.136310409114	0	2
2251	43	6937.287067890062	0	2
2252	44	6935.634799523407	0	2
2253	45	6938.7693581220765	0	2
2254	46	6930.970634607313	0	2
2255	47	6913.38505950908	0	2
2256	48	6885.521632707376	0	1
2257	1	6867.073588602997	0	1
2258	2	6879.823354687594	0	1
2259	3	6884.313985230409	0	1
2260	4	6870.9784177888805	0	1
2261	5	6840.509134081563	-1	1
2262	6	6800.5859079798365	-1	2
2263	7	6777.8531723765955	-1	2
2264	8	6758.7249151476535	-1	2
2265	9	6715.350385032414	-1	2
2266	10	6674.193246286813	-1	2
2267	11	6635.032386389953	-1	3
2268	12	6631.063156290947	-1	3
2269	13	6618.867797737573	-1	3
2270	14	6618.428176651676	-1	3
2271	15	6616.088590226784	-1	3
2272	16	6628.1759141878365	-1	3
2273	17	6622.070438879593	-1	3
2274	18	6607.528541568459	-1	3
2275	19	6595.412098881495	-1	3
2276	20	6575.641105386006	-1	3
2277	21	6563.897512451969	-1	3
2278	22	6545.322385452852	-1	3
2279	23	6542.563670305126	-1	3
2280	24	6525.355735952588	-1	3
2281	25	6533.780326106429	-1	3
2282	26	6534.158868888615	-1	3
2283	27	6529.363418734706	-1	3
2284	28	6530.483520503722	-1	3
2285	29	6532.045238821933	-1	3
2286	30	6532.786614294772	-1	3
2287	31	6523.099058010682	-1	3
2288	32	6516.816775727237	-1	3
2289	33	6524.724525253175	-1	3
2290	34	6528.95322357551	-1	3
2291	35	6521.978506658603	-1	3
2292	36	6517.653484985179	-1	3
2293	37	6511.890469390673	-1	3
2294	38	6511.274588177003	-1	3
2295	39	6509.363645729748	-1	3
2296	40	6514.559049322608	-1	3
2297	41	6512.269462946849	-1	3
2298	42	6492.124580680192	-1	3
2299	43	6493.926671862997	-1	3
2300	44	6490.385552575617	-1	3
2301	45	6487.46045075307	-1	3
2302	46	6485.974003584298	-1	3
2303	47	6474.283786137472	-1	3
2304	48	6471.43523827802	-1	3
2305	1	6460.970919635403	-1	3
2306	2	6430.699774072509	-1	3
2307	3	6418.418438363483	-1	3
2308	4	6438.787582213054	-1	3
2309	5	6457.233337693039	-1	3
2310	6	6479.315134810732	-1	3
2311	7	6491.523844196536	-1	3
2312	8	6474.964206795036	-1	3
2313	9	6468.681219263774	-1	3
2314	10	6493.3101869454495	-1	3
2315	11	6494.274423429383	-1	3
2316	12	6479.868814948247	-1	3
2317	13	6448.092033338334	-1	3
2318	14	6423.417661229029	-1	3
2319	15	6405.95404317858	-1	3
2320	16	6394.863824132732	-1	3
2321	17	6387.6944524760365	-1	3
2322	18	6378.247508346083	-1	3
2323	19	6356.010103841285	-1	3
2324	20	6347.104228842534	-1	3
2325	21	6341.398316781072	-1	3
2326	22	6348.3312403513855	-1	3
2327	23	6337.6677699931415	-1	3
2328	24	6320.439755569627	-1	3
2329	25	6305.032105915765	-1	3
2330	26	6297.986443863916	-1	3
2331	27	6291.273689716176	-1	3
2332	28	6281.83957527575	-1	3
2333	29	6280.384035868272	-1	3
2334	30	6281.311756127632	-1	3
2335	31	6272.672479177741	-1	3
2336	32	6263.020296635603	-1	3
2337	33	6245.976033842617	-1	3
2338	34	6241.9528497592555	-1	3
2339	35	6233.518809845865	-1	3
2340	36	6230.359011769075	-1	3
2341	37	6231.626207158363	-1	3
2342	38	6218.324117939234	-1	3
2343	39	6226.284118393006	-1	3
2344	40	6222.384811339147	-1	3
2345	41	6211.837897914096	-1	3
2346	42	6226.3322525735875	-1	3
2347	43	6216.349607087591	-1	3
2348	44	6214.134037430177	-1	3
2349	45	6216.590413001226	-1	3
2350	46	6211.837897914096	-1	3
2351	47	6223.106970605452	-1	3
2352	48	6221.036701173116	-1	3
2353	1	6225.866949966366	-1	3
2354	2	6230.808154768384	-1	3
2355	3	6231.4337276695815	-1	3
2356	4	6192.638091293617	-1	3
2357	5	6167.3971984026075	-1	3
2358	6	6148.454553026803	-1	3
2359	7	6148.261154120435	-1	3
2360	8	6162.212575404139	-1	3
2361	9	6188.2488977479425	-1	3
2362	10	6165.207608372191	-1	3
2363	11	6163.85507674905	-1	3
2364	12	6153.095479823093	-1	3
2365	13	6166.28633792053	-1	3
2366	14	6200.208063643653	-1	3
2367	15	6217.810445460556	-1	3
2368	16	6238.618199491124	-1	3
2369	17	6247.65876649589	-1	3
2370	18	6258.1682032927865	-1	3
2371	19	6307.2362972968285	-1	3
2372	20	6347.327328100873	-1	3
2373	21	6362.698548133387	-1	3
2374	22	6373.156188538221	-1	3
2375	23	6407.748810597853	-1	3
2376	24	6439.8815383302635	-1	3
2377	25	6459.799048516729	-1	3
2378	26	6460.955084041662	-1	3
2379	27	6480.754668271541	-1	3
2380	28	6488.488242520902	-1	3
2381	29	6496.218549167712	-1	3
2382	30	6507.65784309495	-1	3
2383	31	6526.318290580943	-1	3
2384	32	6540.813642865931	-1	3
2385	33	6550.791304485484	-1	3
2386	34	6549.830026831631	-1	3
2387	35	6568.715490091398	-1	3
2388	36	6582.2967020653405	-1	3
2389	37	6572.257321272041	-1	3
2390	38	6589.390230505843	-1	3
2391	39	6584.955126639326	-1	3
2392	40	6591.544491091423	-1	3
2393	41	6601.636315259381	-1	3
2394	42	6597.204132200364	-1	3
2395	43	6611.95826844144	-1	3
2396	44	6615.272021200017	-1	3
2397	45	6620.23369718587	-1	3
2398	46	6619.464409791327	-1	3
2399	47	6631.251439201376	-1	3
2400	48	6665.174215091499	-1	3
2401	1	6691.029732065266	-1	2
2402	2	6700.2865230745665	-1	2
2403	3	6702.428073322227	-1	2
2404	4	6709.19502789849	-1	2
2405	5	6724.36109368501	-1	2
2406	6	6734.3194252072	-1	2
2407	7	6761.498766612383	-1	2
2408	8	6766.406559997223	-1	2
2409	9	6764.552653140265	-1	2
2410	10	6774.489981757416	-1	2
2411	11	6795.0802475843475	-1	2
2412	12	6828.323470966926	-1	1
2413	13	6841.54882762857	-1	1
2414	14	6834.626826896388	-1	1
2415	15	6841.781587163733	-1	1
2416	16	6828.758251404487	-1	1
2417	17	6828.804834440509	-1	1
2418	18	6825.155488505315	-1	1
2419	19	6794.67581469067	-1	2
2420	20	6784.1419964303295	-1	2
2421	21	6785.0446776736935	-1	2
2422	22	6782.803459623298	-1	2
2423	23	6761.935066061452	-1	2
2424	24	6757.057293279193	-1	2
2425	25	6737.096836625987	-1	2
2426	26	6728.9350829964815	-1	2
2427	27	6711.288698892735	-1	2
2428	28	6706.944854476883	-1	2
2429	29	6694.0637075245395	-1	2
2430	30	6683.082782454751	-1	2
2431	31	6670.138349009234	-1	2
2432	32	6664.14050810889	-1	3
2433	33	6663.0597536405885	-1	3
2434	34	6657.89006789674	-1	3
2435	35	6635.440243738113	-1	3
2436	36	6621.787874995304	-1	3
2437	37	6633.3851797053685	-1	3
2438	38	6628.740844473651	-1	3
2439	39	6627.469727316141	-1	3
2440	40	6622.5413691848835	-1	3
2441	41	6614.502529210932	-1	3
2442	42	6606.85299422857	-1	3
2443	43	6584.829292639075	-1	3
2444	44	6577.010182061745	-1	3
2445	45	6585.159605070902	-1	3
2446	46	6582.595597196747	-1	3
2447	47	6566.38538294432	-1	3
2448	48	6538.826923977268	-1	3
2449	1	6510.232280593311	-1	3
2450	2	6480.454115707562	-1	3
2451	3	6461.255957968913	-1	3
2452	4	6448.187113869532	-1	3
2453	5	6436.044474824507	-1	3
2454	6	6425.067895304034	-1	3
2455	7	6387.821650220771	-1	3
2456	8	6377.977068239108	-1	3
2457	9	6357.66652247597	-1	3
2458	10	6344.8730832692345	-1	3
2459	11	6326.551223559666	-1	3
2460	12	6306.852979291292	-1	3
2461	13	6311.196766412837	-1	3
2462	14	6322.514379039808	-1	3
2463	15	6351.645344589106	-1	3
2464	16	6362.364185153913	-1	3
2465	17	6390.174646508312	-1	3
2466	18	6405.715786309035	-1	3
2467	19	6452.4810663322205	-1	3
2468	20	6462.42773538117	-1	3
2469	21	6484.171128935766	-1	3
2470	22	6493.768600785945	-1	3
2471	23	6516.769413686571	-1	3
2472	24	6520.82631928527	-1	3
2473	25	6531.650878007819	-1	3
2474	26	6535.436393364909	-1	3
2475	27	6538.21194379327	-1	3
2476	28	6546.078989541878	-1	3
2477	29	6560.0705777818785	-1	3
2478	30	6556.0538071276615	-1	3
2479	31	6558.763254087205	-1	3
2480	32	6557.219548087644	-1	3
2481	33	6551.73677468874	-1	3
2482	34	6556.605180256567	-1	3
2483	35	6570.620292346531	-1	3
2484	36	6573.56369252923	-1	3
2485	37	6568.1487342547325	-1	3
2486	38	6565.141489492442	-1	3
2487	39	6559.204289276603	-1	3
2488	40	6561.204566874357	-1	3
2489	41	6565.487898597103	-1	3
2490	42	6567.833862406725	-1	3
2491	43	6591.481596511113	-1	3
2492	44	6615.350539005876	-1	3
2493	45	6604.480529247118	-1	3
2494	46	6610.277609497638	-1	3
2495	47	6618.836396574869	-1	3
2496	48	6641.886346734654	-1	3
2497	1	6662.057259135642	-1	3
2498	2	6682.097002012582	-1	2
2499	3	6683.035841698313	-1	2
2500	4	6677.840341842707	-1	2
2501	5	6665.158553288709	-1	3
2502	6	6671.610111608975	-1	2
2503	7	6662.809135029461	-1	3
2504	8	6646.982059593159	-1	3
2505	9	6641.400221700697	-1	3
2506	10	6640.7415805558185	-1	3
2507	11	6630.984704518693	-1	3
2508	12	6650.148543052003	-1	3
2509	13	6661.681309903394	-1	3
2510	14	6658.516772275658	-1	3
2511	15	6628.113143102	-1	3
2512	16	6620.359292117267	-1	3
2513	17	6596.481051814795	-1	3
2514	18	6610.874496380058	-1	3
2515	19	6595.39637852701	-1	3
2516	20	6598.477314129807	-1	3
2517	21	6607.607091995015	-1	3
2518	22	6619.197506756327	-1	3
2519	23	6618.585185371161	-1	3
2520	24	6615.507573626086	-1	3
2521	25	6610.3875637805795	-1	3
2522	26	6612.523689725156	-1	3
2523	27	6623.027984690539	-1	3
2524	28	6624.299404071101	-1	3
2525	29	6623.969785134925	-1	3
2526	30	6637.683300257854	-1	3
2527	31	6644.410857718485	-1	3
2528	32	6646.323614668631	-1	3
2529	33	6650.728484553424	-1	3
2530	34	6648.345907644391	-1	3
2531	35	6646.088450160544	-1	3
2532	36	6649.976124552195	-1	3
2533	37	6649.960450064508	-1	3
2534	38	6642.952641325338	-1	3
2535	39	6653.157774321499	-1	3
2536	40	6647.1231519246	-1	3
2537	41	6654.505502636635	-1	3
2538	42	6660.694407366647	-1	3
2539	43	6653.204789729694	-1	3
2540	44	6649.129683465586	-1	3
2541	45	6666.145221376627	-1	3
2542	46	6670.561101118786	-1	2
2543	47	6689.231011115614	-1	2
2544	48	6693.015946396318	-1	2
2545	1	6718.0212498712	-1	2
2546	2	6732.197084264034	-1	2
2547	3	6749.917597876671	-1	2
2548	4	6772.185231480994	-1	2
2549	5	6790.008663504223	-1	2
2550	6	6806.323176926062	-1	2
2551	7	6829.19302202492	-1	1
2552	8	6849.910892191516	-1	1
2553	9	6861.881425452521	0	1
2554	10	6888.463023818363	0	1
2555	11	6903.952164326896	0	1
2556	12	6886.791129835477	0	1
2557	13	6886.2337998536295	0	1
2558	14	6877.128477350849	0	1
2559	15	6879.65299996535	0	1
2560	16	6886.032537873277	0	1
2561	17	6892.05401329171	0	1
2562	18	6889.6549344331515	0	1
2563	19	6881.294537773052	0	1
2564	20	6886.388615342057	0	1
2565	21	6874.1543848989095	0	1
2566	22	6862.873468738825	0	1
2567	23	6846.932612898876	-1	1
2568	24	6842.169513481871	-1	1
2569	25	6839.252116299684	-1	1
2570	26	6846.653375661497	-1	1
2571	27	6849.941913517122	-1	1
2572	28	6847.98747268348	-1	1
2573	29	6855.106269779157	-1	1
2574	30	6846.68440222066	-1	1
2575	31	6839.950469626286	-1	1
2576	32	6837.73117042744	-1	1
2577	33	6842.58846514458	-1	1
2578	34	6846.544782311758	-1	1
2579	35	6853.353955251267	-1	1
2580	36	6848.468345520576	-1	1
2581	37	6844.093512745122	-1	1
2582	38	6851.880647516258	-1	1
2583	39	6848.359762378269	-1	1
2584	40	6853.726141537371	-1	1
2585	41	6852.035737831392	-1	1
2586	42	6853.540049290331	-1	1
2587	43	6845.70704165199	-1	1
2588	44	6835.620271222809	-1	1
2589	45	6828.261358674389	-1	1
2590	46	6853.059302690956	-1	1
2591	47	6852.423458172825	-1	1
2592	48	6853.043794537017	-1	1
2593	1	6837.327634037554	-1	1
2594	2	6847.692738251161	-1	1
2595	3	6874.216349812337	0	1
2596	4	6886.032537873277	0	1
2597	5	6889.97998827263	0	1
2598	6	6882.316557198884	0	1
2599	7	6899.450598953037	0	1
2600	8	6923.786878730721	0	2
2601	9	6934.028722647995	0	2
2602	10	6928.437310433745	0	2
2603	11	6924.3585861848405	0	2
2604	12	6919.753547717524	0	2
2605	13	6899.001932276973	0	1
2606	14	6924.435842664945	0	2
2607	15	6916.785967295844	0	2
2608	16	6911.282383368089	0	2
2609	17	6917.466077685348	0	2
2610	18	6889.252479286698	0	1
2611	19	6868.251318414281	0	1
2612	20	6829.394876476209	-1	1
2613	21	6796.355710797393	-1	2
2614	22	6775.439831688866	-1	2
2615	23	6769.5531155984245	-1	2
2616	24	6759.192446488426	-1	2
2617	25	6752.318580230305	-1	2
2618	26	6737.845731985504	-1	2
2619	27	6726.5935880438155	-1	2
2620	28	6725.828637057312	-1	2
2621	29	6712.74163289982	-1	2
2622	30	6712.16359724676	-1	2
2623	31	6715.116080671551	-1	2
2624	32	6717.927541690918	-1	2
2625	33	6726.577977107582	-1	2
2626	34	6728.107787796571	-1	2
2627	35	6721.675507433747	-1	2
2628	36	6734.147774095829	-1	2
2629	37	6756.994949444684	-1	2
2630	38	6766.531185928412	-1	2
2631	39	6772.325393156971	-1	2
2632	40	6776.34292389336	-1	2
2633	41	6777.3705286217355	-1	2
2634	42	6776.405204540963	-1	2
2635	43	6794.986917674289	-1	2
2636	44	6792.7779770802645	-1	2
2637	45	6801.192367104846	-1	2
2638	46	6779.768058136277	-1	2
2639	47	6767.94874860781	-1	2
2640	48	6756.667640966597	-1	2
2641	1	6758.0235966298615	-1	2
2642	2	6739.780241717341	-1	2
2643	3	6722.456240337361	-1	2
2644	4	6744.085379224832	-1	2
2645	5	6769.708872202121	-1	2
2646	6	6803.2137590313005	-1	2
2647	7	6793.789143470819	-1	2
2648	8	6780.530845379168	-1	2
2649	9	6775.097268306044	-1	2
2650	10	6757.150808648453	-1	2
2651	11	6790.335401113034	-1	2
2652	12	6796.169062947019	-1	2
2653	13	6789.853072206872	-1	2
2654	14	6760.953378260054	-1	2
2655	15	6764.256634523962	-1	2
2656	16	6765.035621020426	-1	2
2657	17	6745.52020846933	-1	2
2658	18	6736.05145415112	-1	2
2659	19	6740.74742273942	-1	2
2660	20	6754.142500805825	-1	2
2661	21	6760.8910471691825	-1	2
2662	22	6768.587396285754	-1	2
2663	23	6755.046601803182	-1	2
2664	24	6758.382051541352	-1	2
2665	25	6766.141727190467	-1	2
2666	26	6769.615418392409	-1	2
2667	27	6775.003840862819	-1	2
2668	28	6771.640148516448	-1	2
2669	29	6773.2597780413635	-1	2
2670	30	6771.686870523116	-1	2
2671	31	6761.607842410677	-1	2
2672	32	6754.7036719941425	-1	2
2673	33	6737.096836625987	-1	2
2674	34	6736.894005718761	-1	2
2675	35	6737.252858927114	-1	2
2676	36	6725.9066946939465	-1	2
2677	37	6703.381532214045	-1	2
2678	38	6691.045372364877	-1	2
2679	39	6682.394306307506	-1	2
2680	40	6690.638720360898	-1	2
2681	41	6693.453823793291	-1	2
2682	42	6686.08674771813	-1	2
2683	43	6679.984441652497	-1	2
2684	44	6700.0520320265705	-1	2
2685	45	6686.64993791578	-1	2
2686	46	6704.506864432785	-1	2
2687	47	6709.023149093444	-1	2
2688	48	6708.132479362577	-1	2
2689	1	6697.519343211431	-1	2
2690	2	6713.069699336775	-1	2
2691	3	6718.114957587931	-1	2
2692	4	6690.982811088624	-1	2
2693	5	6658.015410446158	-1	3
2694	6	6607.544251680268	-1	3
2695	7	6584.388866922217	-1	3
2696	8	6560.716330092127	-1	3
2697	9	6553.659081566767	-1	3
2698	10	6567.802374927479	-1	3
2699	11	6550.964644312119	-1	3
2700	12	6554.289302587202	-1	3
2701	13	6570.368428904753	-1	3
2702	14	6575.2791486801425	-1	3
2703	15	6591.27718765522	-1	3
2704	16	6601.0077010523655	-1	3
2705	17	6625.947411512274	-1	3
2706	18	6636.287303669707	-1	3
2707	19	6634.797080029149	-1	3
2708	20	6629.05468725452	-1	3
2709	21	6628.474073966521	-1	3
2710	22	6632.224204037734	-1	3
2711	23	6632.286961321818	-1	3
2712	24	6626.857677107167	-1	3
2713	25	6613.685890743491	-1	3
2714	26	6605.32899514399	-1	3
2715	27	6591.402977986428	-1	3
2716	28	6588.242237821752	-1	3
2717	29	6577.1832765128365	-1	3
2718	30	6573.532214786383	-1	3
2719	31	6574.633903982446	-1	3
2720	32	6570.919375736687	-1	3
2721	33	6570.116562038896	-1	3
2722	34	6561.456555011072	-1	3
2723	35	6553.01308271432	-1	3
2724	36	6545.148992647307	-1	3
2725	37	6542.689791994999	-1	3
2726	38	6542.35872072006	-1	3
2727	39	6534.868615643663	-1	3
2728	40	6521.173561436368	-1	3
2729	41	6505.367395709834	-1	3
2730	42	6492.345899678384	-1	3
2731	43	6470.643896069734	-1	3
2732	44	6451.007610174683	-1	3
2733	45	6427.606423488754	-1	3
2734	46	6397.787981892406	-1	3
2735	47	6382.224099270871	-1	3
2736	48	6387.742151735586	-1	3
2737	1	6393.210829540139	-1	3
2738	2	6378.8838219688705	-1	3
2739	3	6375.749759735902	-1	3
2740	4	6368.588683801288	-1	3
2741	5	6372.487845740181	-1	3
2742	6	6426.257874670787	-1	3
2743	7	6460.955084041662	-1	3
2744	8	6492.4249415293025	-1	3
2745	9	6505.730727136362	-1	3
2746	10	6539.0792176060295	-1	3
2747	11	6545.243570743191	-1	3
2748	12	6560.669080687435	-1	3
2749	13	6575.955844604135	-1	3
2750	14	6593.494117534283	-1	3
2751	15	6612.193862726849	-1	3
2752	16	6608.2354834859925	-1	3
2753	17	6610.199070326969	-1	3
2754	18	6639.408545439769	-1	3
2755	19	6649.161033816905	-1	3
2756	20	6660.960719508915	-1	3
2757	21	6679.405402260026	-1	2
2758	22	6693.219247879773	-1	2
2759	23	6716.318812301647	-1	2
2760	24	6734.974806087775	-1	2
2761	25	6761.467601983983	-1	2
2762	26	6778.024430133948	-1	2
2763	27	6792.591294370994	-1	2
2764	28	6813.03780107416	-1	1
2765	29	6834.564734925655	-1	1
2766	30	6850.934569632312	-1	1
2767	31	6862.7184653278855	0	1
2768	32	6873.983980365536	0	1
2769	33	6879.885301488409	0	1
2770	34	6887.75093842153	0	1
2771	35	6905.297791019108	0	1
2772	36	6907.1536752561	0	1
2773	37	6912.936713770633	0	2
2774	38	6914.900082607781	0	2
2775	39	6922.890654974326	0	2
2776	40	6924.15771790591	0	2
2777	41	6941.532911926749	0	2
2778	42	6957.381076547763	0	2
2779	43	6978.51775291838	0	2
2780	44	6976.576161917982	0	2
2781	45	7000.216644055698	0	2
2782	46	7009.787984024168	0	2
2783	47	7031.975055216733	0	2
2784	48	7038.689318370545	0	2
2785	1	7071.245121491749	0	2
2786	2	7090.238285608641	0	2
2787	3	7083.050907626049	0	2
2788	4	7088.001127339919	0	2
2789	5	7094.1756890548395	0	2
2790	6	7052.986051020525	0	2
2791	7	7069.297261981103	0	2
2792	8	7074.8489267493005	0	2
2793	9	7090.927770220249	0	2
2794	10	7077.332873021335	0	2
2795	11	7084.951446626783	0	2
2796	12	7079.111311272939	0	2
2797	13	7079.5865567334595	0	2
2798	14	7111.386988339613	0	2
2799	15	7103.9009719027645	0	2
2800	16	7119.115013750109	0	2
2801	17	7130.418587186181	0	2
2802	18	7129.868086800409	0	2
2803	19	7145.597288024993	0	2
2804	20	7155.129716568828	0	2
2805	21	7176.423927678948	0	2
2806	22	7178.346171845187	0	2
2807	23	7182.510408118967	0	2
2808	24	7192.010204364425	0	1
2809	25	7198.823528802573	0	1
2810	26	7208.163364549473	0	1
2811	27	7211.026923969356	0	1
2812	28	7208.69650457514	0	1
2813	29	7213.555050792637	0	1
2814	30	7213.037267276071	0	1
2815	31	7219.341146543261	0	1
2816	32	7230.573658287008	0	1
2817	33	7237.78477277699	1	1
2818	34	7239.4426644808145	1	1
2819	35	7232.292995099389	0	1
2820	36	7242.590767128793	1	1
2821	37	7255.71024145492	1	1
2822	38	7264.416439949558	1	1
2823	39	7265.631670611747	1	1
2824	40	7269.1098699809245	1	1
2825	41	7273.635202186046	1	1
2826	42	7270.993015459258	1	1
2827	43	7261.195729943968	1	1
2828	44	7270.400754480672	1	1
2829	45	7262.395959390575	1	1
2830	46	7262.958067980471	1	1
2831	47	7254.068867671674	1	1
2832	48	7230.314984449729	0	1
2833	1	7199.006405314126	0	1
2834	2	7167.222086601985	0	2
2835	3	7150.272407484118	0	2
2836	4	7133.920028507395	0	2
2837	5	7139.178690475407	0	2
2838	6	7132.238189548129	0	2
2839	7	7081.5487407820065	0	2
2840	8	7045.278457233276	0	2
2841	9	7029.1626860721	0	2
2842	10	6991.656982315684	0	2
2843	11	6964.8609105392225	0	2
2844	12	6942.026913950801	0	2
2845	13	6898.058151353012	0	1
2846	14	6838.010536826709	-1	1
2847	15	6793.260232324551	-1	2
2848	16	6746.034849105498	-1	2
2849	17	6701.474566325514	-1	2
2850	18	6682.065706550744	-1	2
2851	19	6653.408521803685	-1	3
2852	20	6626.779207681819	-1	3
2853	21	6585.143876040729	-1	3
2854	22	6573.264651813754	-1	3
2855	23	6557.550353079628	-1	3
2856	24	6543.099681532581	-1	3
2857	25	6527.75413916225	-1	3
2858	26	6512.190506601052	-1	3
2859	27	6506.678514378798	-1	3
2860	28	6498.5101397488625	-1	3
2861	29	6479.552428352819	-1	3
2862	30	6470.643896069734	-1	3
2863	31	6462.506906812893	-1	3
2864	32	6456.346341219232	-1	3
2865	33	6447.473997765228	-1	3
2866	34	6450.437208005735	-1	3
2867	35	6441.466865020119	-1	3
2868	36	6439.168096164377	-1	3
2869	37	6433.745019138115	-1	3
2870	38	6429.256276152576	-1	3
2871	39	6432.032131704106	-1	3
2872	40	6428.463096499834	-1	3
2873	41	6421.751406973094	-1	3
2874	42	6422.640094987985	-1	3
2875	43	6423.16376571888	-1	3
2876	44	6438.755872357129	-1	3
2877	45	6450.579810224943	-1	3
2878	46	6473.413443679088	-1	3
2879	47	6495.01732510691	-1	3
2880	48	6511.195627552945	-1	3
2881	1	6500.2009918005	-1	3
2882	2	6508.921415826119	-1	3
2883	3	6513.248493431622	-1	3
2884	4	6515.348495695213	-1	3
2885	5	6499.647926522045	-1	3
2886	6	6513.327445228747	-1	3
2887	7	6526.3498488966225	-1	3
2888	8	6542.248362308046	-1	3
2889	9	6552.887031524422	-1	3
2890	10	6610.8587890753915	-1	3
2891	11	6670.294924972557	-1	2
2892	12	6723.361850221614	-1	2
2893	13	6756.200047671778	-1	2
2894	14	6773.27535073547	-1	2
2895	15	6810.162612907596	-1	1
2896	16	6883.044326099767	0	1
2897	17	6953.832941813631	0	2
2898	18	6994.135971496128	0	2
2899	19	7044.034521510663	0	2
2900	20	7093.057361450727	0	2
2901	21	7140.584843982233	0	2
2902	22	7164.871359408595	0	2
2903	23	7187.131250481058	0	1
2904	24	7208.711736941813	0	1
2905	25	7226.404044702362	0	1
2906	26	7243.9137378937385	1	1
2907	27	7253.080940327995	1	1
2908	28	7264.127812072658	1	1
2909	29	7280.3302549688515	1	1
2910	30	7289.481182754437	1	2
2911	31	7304.6175562443905	1	2
2912	32	7311.772367887417	1	2
2913	33	7325.059784403041	1	2
2914	34	7334.660189308154	1	2
2915	35	7347.796739362525	1	2
2916	36	7359.745579866397	1	2
2917	37	7368.151019842878	1	2
2918	38	7372.412910946571	1	2
2919	39	7392.848785200337	1	2
2920	40	7414.154461269833	1	2
2921	41	7418.49742811642	1	2
2922	42	7427.045010454836	1	3
2923	43	7442.33753365836	1	3
2924	44	7436.899796044613	1	3
2925	45	7460.282616522755	1	3
2926	46	7470.768581802899	1	3
2927	47	7472.498189111264	1	3
2928	48	7483.879976786387	1	3
2929	1	7508.231722695644	1	3
2930	2	7515.062001481076	1	3
2931	3	7537.608814529084	1	3
2932	4	7580.82045110027	1	3
2933	5	7624.303293954782	1	3
2934	6	7640.140907985644	1	3
2935	7	7650.941420844505	1	3
2936	8	7657.383350456568	1	3
2937	9	7661.244604378711	1	3
2938	10	7637.723477383781	1	3
2939	11	7601.847922770677	1	3
2940	12	7571.780960320377	1	3
2941	13	7558.993422584161	1	3
2942	14	7537.848705083593	1	3
2943	15	7516.142635024688	1	3
2944	16	7479.535474984227	1	3
2945	17	7438.782828725902	1	3
2946	18	7419.206090590473	1	2
2947	19	7383.69816882036	1	2
2948	20	7347.584925636699	1	2
2949	21	7309.271497905115	1	2
2950	22	7292.151332175227	1	2
2951	23	7279.055175212013	1	1
2952	24	7259.8434884320895	1	1
2953	25	7238.95595794424	1	1
2954	26	7222.218355468802	0	1
2955	27	7211.209690664578	0	1
2956	28	7197.208048052458	0	1
2957	29	7191.339417822738	0	1
2958	30	7187.40572280939	0	1
2959	31	7180.878373613092	0	2
2960	32	7164.550784509094	0	2
2961	33	7154.411886057465	0	2
2962	34	7158.51997512215	0	2
2963	35	7153.785672623506	0	2
2964	36	7149.325248649058	0	2
2965	37	7132.727466296207	0	2
2966	38	7127.7118151269515	0	2
2967	39	7111.693105379139	0	2
2968	40	7098.633058746165	0	2
2969	41	7100.394288590041	0	2
2970	42	7091.050342773124	0	2
2971	43	7082.5144324385565	0	2
2972	44	7068.300252369873	0	2
2973	45	7021.768708096977	0	2
2974	46	6991.349011583636	0	2
2975	47	6961.946427564091	0	2
2976	48	6970.195298760338	0	2
2977	1	6964.321224105952	0	2
2978	2	6957.550753866998	0	2
2979	3	6951.935197561498	0	2
2980	4	6913.323219330651	0	2
2981	5	6897.980790230272	0	1
2982	6	6881.805554214518	0	1
2983	7	6885.955128863799	0	1
2984	8	6878.785716365204	0	1
2985	9	6880.442813794636	0	1
2986	10	6863.508969743688	0	1
2987	11	6851.089667542515	-1	1
2988	12	6844.481392586748	-1	1
2989	13	6842.076411876907	-1	1
2990	14	6841.502275384534	-1	1
2991	15	6872.651675093479	0	1
2992	16	6875.269723035409	0	1
2993	17	6881.310023317489	0	1
2994	18	6861.183864560738	0	1
2995	19	6858.780962271855	-1	1
2996	20	6866.236737047122	0	1
2997	21	6881.650702168573	0	1
2998	22	6897.160743411019	0	1
2999	23	6917.34242301482	0	2
3000	24	6927.26321954596	0	2
3001	25	6940.899953611676	0	2
3002	26	6953.323808947175	0	2
3003	27	6958.183174583195	0	2
3004	28	6969.239532227375	0	2
3005	29	6967.482033724022	0	2
3006	30	6974.911788525209	0	2
3007	31	6970.071976658228	0	2
3008	32	6977.947623050947	0	2
3009	33	6987.237141313751	0	2
3010	34	6972.35331030909	0	2
3011	35	6977.285018934882	0	2
3012	36	6981.938185317764	0	2
3013	37	6983.524940876157	0	2
3014	38	6996.645438173881	0	2
3015	39	6993.6586748241625	0	2
3016	40	6995.38304699067	0	2
3017	41	6995.537001460349	0	2
3018	42	7011.049454691577	0	2
3019	43	7006.710888577651	0	2
3020	44	7016.309842776412	0	2
3021	45	7029.131947592994	0	2
3022	46	7025.473728104983	0	2
3023	47	7023.828846268046	0	2
3024	48	7022.4759438675765	0	2
3025	1	7017.370979568658	0	2
3026	2	7020.47716888965	0	2
3027	3	7032.389961156176	0	2
3028	4	7042.483332020976	0	2
3029	5	7017.601653949719	0	2
3030	6	7021.046071542424	0	2
3031	7	7002.017395048022	0	2
3032	8	7017.863081664143	0	2
3033	9	6991.980346406593	0	2
3034	10	6981.938185317764	0	2
3035	11	6981.753312274881	0	2
3036	12	6981.013802741271	0	2
3037	13	6994.490087368889	0	2
3038	14	7041.730731090206	0	2
3039	15	7058.849191166033	0	2
3040	16	7067.88609525457	0	2
3041	17	7087.1276482674875	0	2
3042	18	7104.452185052496	0	2
3043	19	7129.883378681335	0	2
3044	20	7153.663482369723	0	2
3045	21	7146.697413703585	0	2
3046	22	7133.06383715602	0	2
3047	23	7127.2530040736265	0	2
3048	24	7122.052413110434	0	2
3049	25	7114.922355507429	0	2
3050	26	7116.452624260548	0	2
3051	27	7114.00413822643	0	2
3052	28	7103.058811411139	0	2
3053	29	7107.299878089344	0	2
3054	30	7096.350886968637	0	2
3055	31	7098.127633740936	0	2
3056	32	7097.223963284622	0	2
3057	33	7087.878536088926	0	2
3058	34	7089.931840370858	0	2
3059	35	7082.146555409225	0	2
3060	36	7068.03948778227	0	2
3061	37	7066.244721297293	0	2
3062	38	7057.0842914752375	0	2
3063	39	7053.185610373982	0	2
3064	40	7048.073189222579	0	2
3065	41	7037.736860992705	0	2
3066	42	7027.272180907285	0	2
3067	43	7020.677055468483	0	2
3068	44	7012.095491267699	0	2
3069	45	7014.371967841653	0	2
3070	46	7013.587535911917	0	2
3071	47	7021.2305770000185	0	2
3072	48	6995.213695686123	0	2
3073	1	6985.666087929752	0	2
3074	2	6982.523605167473	0	2
3075	3	6952.521512143861	0	2
3076	4	6941.301344185996	0	2
3077	5	6938.228952817332	0	2
3078	6	6928.993434121358	0	2
3079	7	6929.889377879711	0	2
3080	8	6892.812370156313	0	1
3081	9	6874.076928478546	0	1
3082	10	6864.888400116377	0	1
3083	11	6862.036435568737	0	1
3084	12	6857.261553859247	-1	1
3085	13	6844.155574043673	-1	1
3086	14	6813.1621238281705	-1	1
3087	15	6778.600467692495	-1	2
3088	16	6769.132566419856	-1	2
3089	17	6726.203310783235	-1	2
3090	18	6695.486692937185	-1	2
3091	19	6659.550788769538	-1	3
3092	20	6614.78520342643	-1	3
3093	21	6613.497430634091	-1	3
3094	22	6612.272393493763	-1	3
3095	23	6611.581311392224	-1	3
3096	24	6620.814566660338	-1	3
3097	25	6636.883359895947	-1	3
3098	26	6635.079447306974	-1	3
3099	27	6638.012677528252	-1	3
3100	28	6640.5690754752295	-1	3
3101	29	6633.934264716719	-1	3
3102	30	6631.298509632744	-1	3
3103	31	6631.141607734038	-1	3
3104	32	6632.789012013155	-1	3
3105	33	6627.171551513388	-1	3
3106	34	6621.1913371962955	-1	3
3107	35	6629.352833015568	-1	3
3108	36	6630.231550755713	-1	3
3109	37	6633.808760992296	-1	3
3110	38	6621.5994966967855	-1	3
3111	39	6628.725152196283	-1	3
3112	40	6625.099882986578	-1	3
3113	41	6640.584757820956	-1	3
3114	42	6640.47498112505	-1	3
3115	43	6650.759832231777	-1	3
3116	44	6644.787153202096	-1	3
3117	45	6631.722138183045	-1	3
3118	46	6624.142443398382	-1	3
3119	47	6616.355537733011	-1	3
3120	48	6607.952709937674	-1	3
3121	1	6615.680310181434	-1	3
3122	2	6599.310336635323	-1	3
3123	3	6611.110104361852	-1	3
3124	4	6609.963450829306	-1	3
3125	5	6609.743536610715	-1	3
3126	6	6612.319511795142	-1	3
3127	7	6609.130904747026	-1	3
3128	8	6644.504932297924	-1	3
3129	9	6704.819444827533	-1	2
3130	10	6734.740744084089	-1	2
3131	11	6749.1847702108425	-1	2
3132	12	6750.447710940019	-1	2
3133	13	6788.514934847027	-1	2
3134	14	6810.255869007515	-1	1
3135	15	6823.260661551218	-1	1
3136	16	6812.307388645173	-1	1
3137	17	6816.70498420739	-1	1
3138	18	6825.807762812725	-1	1
3139	19	6827.981850878284	-1	1
3140	20	6827.345179083058	-1	1
3141	21	6809.603066797062	-1	1
3142	22	6797.195603629278	-1	2
3143	23	6762.7608912572	-1	2
3144	24	6730.058897937731	-1	2
3145	25	6694.1106208414685	-1	2
3146	26	6669.950456132626	-1	3
3147	27	6655.727777167444	-1	3
3148	28	6640.929766104	-1	3
3149	29	6629.917727732883	-1	3
3150	30	6622.196021455634	-1	3
3151	31	6613.701595666632	-1	3
3152	32	6608.25119300174	-1	3
3153	33	6607.905580595728	-1	3
3154	34	6602.563482468993	-1	3
3155	35	6585.7258412839565	-1	3
3156	36	6582.076460467363	-1	3
3157	37	6569.172030792543	-1	3
3158	38	6567.12538117382	-1	3
3159	39	6547.686670268183	-1	3
3160	40	6553.80088317023	-1	3
3161	41	6527.75413916225	-1	3
3162	42	6523.446257251958	-1	3
3163	43	6508.052718919557	-1	3
3164	44	6504.419540720221	-1	3
3165	45	6503.550630611748	-1	3
3166	46	6500.912051208904	-1	3
3167	47	6485.293992796696	-1	3
3168	48	6482.035915855842	-1	3
3169	1	6478.160262237287	-1	3
3170	2	6494.321843585859	-1	3
3171	3	6503.345245843117	-1	3
3172	4	6520.368580975292	-1	3
3173	5	6524.014387329327	-1	3
3174	6	6520.731615742297	-1	3
3175	7	6533.007443774237	-1	3
3176	8	6509.28467688557	-1	3
3177	9	6479.852995748597	-1	3
3178	10	6478.777258037824	-1	3
3179	11	6454.540536272216	-1	3
3180	12	6437.756983543469	-1	3
3181	13	6421.910104460171	-1	3
3182	14	6436.250618687855	-1	3
3183	15	6440.420564932418	-1	3
3184	16	6464.612740652506	-1	3
3185	17	6487.333949313771	-1	3
3186	18	6554.115993949037	-1	3
3187	19	6586.98408216929	-1	3
3188	20	6619.9668051508625	-1	3
3189	21	6660.381094129265	-1	3
3190	22	6676.306456416699	-1	2
3191	23	6693.32871700224	-1	2
3192	24	6727.826811408727	-1	2
3193	25	6748.295983898736	-1	2
3194	26	6766.03267731918	-1	2
3195	27	6780.14167201713	-1	2
3196	28	6790.459871116418	-1	2
3197	29	6801.301216712586	-1	2
3198	30	6811.794529279078	-1	1
3199	31	6812.229683560814	-1	1
3200	32	6816.114552833721	-1	1
3201	33	6813.333066301277	-1	1
3202	34	6819.920963014272	-1	1
3203	35	6822.251046399587	-1	1
3204	36	6824.938058823369	-1	1
3205	37	6833.773044761263	-1	1
3206	38	6841.083300132827	-1	1
3207	39	6866.236737047122	0	1
3208	40	6856.889435639653	-1	1
3209	41	6880.783507872776	0	1
3210	42	6905.0039264606385	0	1
3211	43	6914.0189100278485	0	2
3212	44	6933.1329686231165	0	2
3213	45	6941.532911926749	0	2
3214	46	6950.546487801425	0	2
3215	47	6960.435043813772	0	2
3216	48	6969.424522925988	0	2
3217	1	6954.465482414366	0	2
3218	2	6948.9879296623485	0	2
3219	3	6963.272648059879	0	2
3220	4	6994.043592396631	0	2
3221	5	7014.156636684523	0	2
3222	6	7022.783429802068	0	2
3223	7	7022.7526814234825	0	2
3224	8	7057.483325968278	0	2
3225	9	7074.3582341159645	0	2
3226	10	7074.020875928593	0	2
3227	11	7081.226833184761	0	2
3228	12	7082.85164709579	0	2
3229	13	7068.315591357015	0	2
3230	14	7034.2953436267835	0	2
3231	15	7039.303782744643	0	2
3232	16	7046.875495074105	0	2
3233	17	7057.728881679295	0	2
3234	18	7011.203287070925	0	2
3235	19	6993.135174867983	0	2
3236	20	6982.7084709773235	0	2
3237	21	6956.717778399646	0	2
3238	22	6944.759137499611	0	2
3239	23	6937.055449895129	0	2
3240	24	6909.612449509612	0	2
3241	25	6898.058151353012	0	1
3242	26	6888.215344902292	0	1
3243	27	6875.564037676	0	1
3244	28	6872.775614331413	0	1
3245	29	6868.623218211716	0	1
3246	30	6866.934115855433	0	1
3247	31	6863.896460114929	0	1
3248	32	6859.990202024968	0	1
3249	33	6864.299441871562	0	1
3250	34	6861.028847613646	0	1
3251	35	6863.322971609712	0	1
3252	36	6859.230560239923	0	1
3253	37	6857.478619513449	-1	1
3254	38	6858.424377141	-1	1
3255	39	6839.26763553724	-1	1
3256	40	6830.963058221566	-1	1
3257	41	6815.135639800931	-1	1
3258	42	6804.442039310588	-1	2
3259	43	6806.245447619156	-1	2
3260	44	6792.606851332927	-1	2
3261	45	6811.918860079832	-1	1
3262	46	6826.025182669489	-1	1
3263	47	6831.9411663381225	-1	1
3264	48	6846.079375322461	-1	1
3265	1	6865.353354494029	0	1
3266	2	6880.675105860485	0	1
3267	3	6849.212899192502	-1	1
3268	4	6817.979011170879	-1	1
3269	5	6807.597892646424	-1	2
3270	6	6827.624696122484	-1	1
3271	7	6851.772083554898	-1	1
3272	8	6848.871648989506	-1	1
3273	9	6837.715649953238	-1	1
3274	10	6830.8854284658955	-1	1
3275	11	6851.18272569093	-1	1
3276	12	6882.471403931521	0	1
3277	13	6910.632981651148	0	2
3278	14	6922.365263296876	0	2
3279	15	6915.781215366726	0	2
3280	16	6922.272545650505	0	2
3281	17	6935.83554985836	0	2
3282	18	6967.990799457707	0	2
3283	19	7012.649252933502	0	2
3284	20	7041.976481469369	0	2
3285	21	7074.143552293246	0	2
3286	22	7102.538185395515	0	2
3287	23	7143.580234918246	0	2
3288	24	7177.232512948661	0	2
3289	25	7205.634567080971	0	1
3290	26	7224.76031294154	0	1
3291	27	7245.920840267763	1	1
3292	28	7264.127812072658	1	1
3293	29	7276.595869093894	1	1
3294	30	7287.281083110656	1	2
3295	31	7297.354093249378	1	2
3296	32	7308.164955567515	1	2
3297	33	7318.803492164169	1	2
3298	34	7333.131085809156	1	2
3299	35	7348.084197384036	1	2
3300	36	7362.225236151291	1	2
3301	37	7372.246683346223	1	2
3302	38	7382.429449226337	1	2
3303	39	7393.301681638235	1	2
3304	40	7423.065618024515	1	2
3305	41	7460.478241888944	1	3
3306	42	7465.955013853769	1	3
3307	43	7478.483038877658	1	3
3308	44	7494.609619859581	1	3
3309	45	7489.696300283294	1	3
3310	46	7485.307904878969	1	3
3311	47	7508.0515536553785	1	3
3312	48	7498.139893385076	1	3
