Sim	QM	forNTS	indicator	confidence
49	1	7277.795197167463	1	1
50	2	7273.999615020469	1	1
51	3	7264.948112234783	1	1
52	4	7286.810686415869	1	1
53	5	7316.0155744566855	1	2
54	6	7349.400401600006	1	2
55	7	7379.65007891136	1	2
56	8	7376.598386118424	1	2
57	9	7372.322241511175	1	2
58	10	7356.207020624468	1	2
59	11	7371.445749912208	1	2
60	12	7378.69836136975	1	2
61	13	7363.540543335416	1	2
62	14	7384.000233518665	1	2
63	15	7380.284533090298	1	2
64	16	7374.407538488211	1	2
65	17	7355.768439191844	1	2
66	18	7350.550120783893	1	2
67	19	7375.359452364765	1	2
68	20	7405.043362828528	1	2
69	21	7434.91112995587	1	3
70	22	7456.971757433801	1	3
71	23	7456.7911501273975	1	3
72	24	7456.475083608156	1	3
73	25	7466.165630471094	1	3
74	26	7473.535885348257	1	3
75	27	7485.3529957715	1	3
76	28	7490.943520203471	1	3
77	29	7490.642992018219	1	3
78	30	7495.991754620178	1	3
79	31	7510.964098536521	1	3
80	32	7523.375457860461	1	3
81	33	7522.115143401618	1	3
82	34	7523.630512390704	1	3
83	35	7524.965747827466	1	3
84	36	7536.694206949182	1	3
85	37	7540.997017693535	1	3
86	38	7539.198039008494	1	3
87	39	7544.969223244771	1	3
88	40	7540.877090516636	1	3
89	41	7543.605266478369	1	3
90	42	7523.720530904552	1	3
91	43	7507.631153265083	1	3
92	44	7508.186680579329	1	3
93	45	7501.804745224633	1	3
94	46	7486.886028807351	1	3
95	47	7503.396655157375	1	3
96	48	7497.77938184205	1	3
97	1	7480.362352225828	1	3
98	2	7457.227615129003	1	3
99	3	7444.912812329392	1	3
100	4	7409.61449329546	1	2
101	5	7383.45651390628	1	2
102	6	7335.583652504719	1	2
103	7	7305.223992577563	1	2
104	8	7276.155591830728	1	1
105	9	7257.427463808245	1	1
106	10	7237.936878544145	1	1
107	11	7203.090218263456	0	1
108	12	7165.863582812576	0	2
109	13	7171.800640366642	0	2
110	14	7123.9492551993935	0	2
111	15	7078.206780585878	0	2
112	16	7048.503113105702	0	2
113	17	7047.5664812770865	0	2
114	18	7055.273188194767	0	2
115	19	7032.83559119926	0	2
116	20	7026.641972437026	0	2
117	21	7011.418650391066	0	2
118	22	6999.785670738609	0	2
119	23	6988.715665361013	0	2
120	24	6981.044616193172	0	2
121	25	6965.924820357155	0	2
122	26	6957.951803515242	0	2
123	27	6938.537757676384	0	2
124	28	6931.6811421710645	0	2
125	29	6929.286937463517	0	2
126	30	6931.356783226679	0	2
127	31	6928.190139268848	0	2
128	32	6913.864314240627	0	2
129	33	6913.18407821188	0	2
130	34	6922.720676861434	0	2
131	35	6913.1995383852245	0	2
132	36	6911.174151251444	0	2
133	37	6908.421761111087	0	1
134	38	6894.731345153756	0	1
135	39	6887.627094817842	0	1
136	40	6889.685892175985	0	1
137	41	6886.481504042651	0	1
138	42	6889.267958484966	0	1
139	43	6889.051248586733	0	1
140	44	6884.685577070974	0	1
141	45	6884.391400783771	0	1
142	46	6880.396355047699	0	1
143	47	6865.043386149813	0	1
144	48	6856.718879062148	-1	1
145	1	6853.58657252008	-1	1
146	2	6853.726141537371	-1	1
147	3	6835.465048922232	-1	1
148	4	6823.276193678189	-1	1
149	5	6825.4350373440075	-1	1
150	6	6834.021421647577	-1	1
151	7	6829.006692961044	-1	1
152	8	6878.150716281766	0	1
153	9	6910.091797020933	0	2
154	10	6928.1128976384725	0	2
155	11	6929.827589973899	0	2
156	12	6938.460556918584	0	2
157	13	6946.287164097566	0	2
158	14	6980.690258584123	0	2
159	15	7020.9076913207755	0	2
160	16	7070.754340179681	0	2
161	17	7093.593553721116	0	2
162	18	7119.375113327256	0	2
163	19	7127.3141794859275	0	2
164	20	7111.386988339613	0	2
165	21	7106.610957208579	0	2
166	22	7127.390648489434	0	2
167	23	7147.216896619581	0	2
168	24	7165.512493947791	0	2
169	25	7175.905195587973	0	2
170	26	7178.330916657803	0	2
171	27	7189.204949359536	0	1
172	28	7186.1095708082885	0	2
173	29	7194.296809940297	0	1
174	30	7190.150241687279	0	1
175	31	7187.710687703437	0	1
176	32	7192.711457480805	0	1
177	33	7208.970685429002	0	1
178	34	7204.156750574023	0	1
179	35	7211.37722535875	0	1
180	36	7215.473780671799	0	1
181	37	7222.461910046649	0	1
182	38	7243.168626969297	1	1
183	39	7288.419095091385	1	2
184	40	7312.13610552133	1	2
185	41	7340.366834872638	1	2
186	42	7367.032506451969	1	2
187	43	7386.718618638748	1	2
188	44	7414.9537555334055	1	2
189	45	7448.330969148554	1	3
190	46	7473.23510908962	1	3
191	47	7496.833009790952	1	3
192	48	7525.415808253117	1	3
193	1	7573.1580833914495	1	3
194	2	7621.182162532879	1	3
195	3	7661.676902583276	1	3
196	4	7689.266480744366	1	3
197	5	7689.981078319772	1	3
198	6	7691.216681062509	1	3
199	7	7710.709052194184	1	3
200	8	7688.626300415811	1	3
201	9	7699.596081021714	1	3
202	10	7722.470414227346	1	3
203	11	7764.156506096589	1	3
204	12	7802.979196678371	1	3
205	13	7808.295483298275	1	3
206	14	7806.740713379984	1	3
207	15	7802.994007060023	1	3
208	16	7789.675445898904	1	3
209	17	7781.286090032183	1	3
210	18	7766.975280151209	1	3
211	19	7757.746152805799	1	3
212	20	7756.336216674855	1	3
213	21	7766.203862262915	1	3
214	22	7750.636179819306	1	3
215	23	7743.583295363364	1	3
216	24	7739.3356175787485	1	3
217	25	7733.571711651364	1	3
218	26	7733.972857508912	1	3
219	27	7731.001231559824	1	3
220	28	7738.280996044818	1	3
221	29	7733.467709668889	1	3
222	30	7733.987714621181	1	3
223	31	7744.385211710019	1	3
224	32	7746.152293790156	1	3
225	33	7733.527139433895	1	3
226	34	7720.270288746867	1	3
227	35	7719.645888308959	1	3
228	36	7708.686230234389	1	3
229	37	7704.342476340226	1	3
230	38	7708.463113345324	1	3
231	39	7699.506797187707	1	3
232	40	7701.158488686948	1	3
233	41	7705.800408361924	1	3
234	42	7696.128622338971	1	3
235	43	7696.113739348119	1	3
236	44	7681.136274679266	1	3
237	45	7663.67430610794	1	3
238	46	7663.67430610794	1	3
239	47	7645.884948255431	1	3
240	48	7617.6274033353675	1	3
241	1	7570.733089781081	1	3
242	2	7525.13077109194	1	3
243	3	7500.918630248471	1	3
244	4	7478.513109209611	1	3
245	5	7466.285981877811	1	3
246	6	7462.314022076669	1	3
247	7	7463.472587787146	1	3
248	8	7447.276971315132	1	3
249	9	7421.512846868866	1	2
250	10	7425.0704822355065	1	2
251	11	7405.375293776984	1	2
252	12	7366.669732418369	1	2
253	13	7333.888081871312	1	2
254	14	7328.088784860168	1	2
255	15	7318.500475876821	1	2
256	16	7310.423451466823	1	2
257	17	7325.923094785161	1	2
258	18	7339.473856284765	1	2
259	19	7379.302631520712	1	2
260	20	7411.605564123145	1	2
261	21	7439.249794669897	1	3
262	22	7460.056892685746	1	3
263	23	7471.716123393564	1	3
264	24	7474.8442121239295	1	3
265	25	7488.29872539289	1	3
266	26	7501.789726635971	1	3
267	27	7526.420908740693	1	3
268	28	7540.697198483024	1	3
269	29	7551.098455141482	1	3
270	30	7560.296485085363	1	3
271	31	7562.992223636125	1	3
272	32	7582.032409947513	1	3
273	33	7608.424116698283	1	3
274	34	7640.633314294064	1	3
275	35	7644.288706251713	1	3
276	36	7660.096736129212	1	3
277	37	7665.582101258924	1	3
278	38	7662.347693016681	1	3
279	39	7637.6040910642	1	3
280	40	7620.734116035538	1	3
281	41	7599.261730299021	1	3
282	42	7589.87107737409	1	3
283	43	7575.7773658746455	1	3
284	44	7564.684374289902	1	3
285	45	7559.158182012294	1	3
286	46	7553.870266582906	1	3
287	47	7553.4957185499825	1	3
288	48	7569.954638367833	1	3
289	1	7585.293883906545	1	3
290	2	7591.561100661308	1	3
291	3	7591.411546460156	1	3
292	4	7624.079304402362	1	3
293	5	7637.962248037531	1	3
294	6	7638.723311830533	1	3
295	7	7643.6621116630295	1	3
296	8	7651.224786884989	1	3
297	9	7671.855771505739	1	3
298	10	7647.615320101282	1	3
299	11	7641.036183812027	1	3
300	12	7644.825772830316	1	3
301	13	7641.125709348565	1	3
302	14	7646.9440716471245	1	3
303	15	7642.6625063941565	1	3
304	16	7630.379986814095	1	3
305	17	7611.651692434647	1	3
306	18	7582.885228693226	1	3
307	19	7550.274333507854	1	3
308	20	7538.283499812782	1	3
309	21	7512.255098546441	1	3
310	22	7498.019723553767	1	3
311	23	7492.611373920648	1	3
312	24	7491.108808882754	1	3
313	25	7514.251490157196	1	3
314	26	7522.010113816427	1	3
315	27	7512.390198650571	1	3
316	28	7505.649153243348	1	3
317	29	7511.159254749388	1	3
318	30	7506.114639620964	1	3
319	31	7493.64808149231	1	3
320	32	7469.565292957696	1	3
321	33	7442.217045046873	1	3
322	34	7428.341164400043	1	3
323	35	7435.076859334587	1	3
324	36	7442.71405611047	1	3
325	37	7442.292350510126	1	3
326	38	7429.335832800002	1	3
327	39	7426.969650199794	1	3
328	40	7437.622900590712	1	3
329	41	7440.394570424228	1	3
330	42	7444.95798983686	1	3
331	43	7461.892709638609	1	3
332	44	7473.189992280546	1	3
333	45	7483.819851378535	1	3
334	46	7486.810882724091	1	3
335	47	7486.329941456721	1	3
336	48	7504.808248672155	1	3
337	1	7529.795897931178	1	3
338	2	7544.459623257604	1	3
339	3	7549.240390339918	1	3
340	4	7527.21595451069	1	3
341	5	7538.853217375196	1	3
342	6	7542.645947793184	1	3
343	7	7517.463334532769	1	3
344	8	7497.689252995739	1	3
345	9	7495.5260453955225	1	3
346	10	7498.139893385076	1	3
347	11	7496.652743644289	1	3
348	12	7494.068759911676	1	3
349	13	7493.467788177273	1	3
350	14	7475.896829882831	1	3
351	15	7465.87979312264	1	3
352	16	7466.316069621991	1	3
353	17	7463.743412132011	1	3
354	18	7478.979193871754	1	3
355	19	7482.67743607721	1	3
356	20	7472.302675403313	1	3
357	21	7463.322128311816	1	3
358	22	7467.850487563679	1	3
359	23	7474.573530489043	1	3
360	24	7477.265154394693	1	3
361	25	7465.714306568043	1	3
362	26	7460.734056930602	1	3
363	27	7463.156621646473	1	3
364	28	7461.441294092971	1	3
365	29	7453.976485772427	1	3
366	30	7456.27942100086	1	3
367	31	7456.159012337454	1	3
368	32	7466.15058649687	1	3
369	33	7478.3477218532225	1	3
370	34	7480.106775448909	1	3
371	35	7472.167318696559	1	3
372	36	7467.8053592202305	1	3
373	37	7477.35537047255	1	3
374	38	7477.189974034932	1	3
375	39	7481.7303870272135	1	3
376	40	7476.528375308749	1	3
377	41	7476.648667530529	1	3
378	42	7467.323984205208	1	3
379	43	7466.210762329239	1	3
380	44	7461.155392571085	1	3
381	45	7457.107211895545	1	3
382	46	7447.969604421966	1	3
383	47	7435.860289572431	1	3
384	48	7399.007334101871	1	2
385	1	7358.8534359288515	1	2
386	2	7345.723897657812	1	2
387	3	7351.427495149622	1	2
388	4	7379.786035006721	1	2
389	5	7377.006311570315	1	2
390	6	7380.057944532678	1	2
391	7	7414.6521386464765	1	2
392	8	7436.854601182579	1	3
393	9	7424.889600111566	1	2
394	10	7443.075511309202	1	3
395	11	7454.232379924196	1	3
396	12	7464.420457747561	1	3
397	13	7479.896298130758	1	3
398	14	7512.840526108142	1	3
399	15	7530.455833100021	1	3
400	16	7533.3353102241545	1	3
401	17	7553.435790253474	1	3
402	18	7548.446168005394	1	3
403	19	7547.382163337952	1	3
404	20	7557.510530412916	1	3
405	21	7569.595343524816	1	3
406	22	7568.277877350223	1	3
407	23	7564.280067313672	1	3
408	24	7555.83279061227	1	3
409	25	7541.251860698612	1	3
410	26	7541.671595460969	1	3
411	27	7531.190736763522	1	3
412	28	7538.6433232076415	1	3
413	29	7538.1485644693175	1	3
414	30	7535.479667190577	1	3
415	31	7543.470364902675	1	3
416	32	7548.371239840275	1	3
417	33	7547.9216653101	1	3
418	34	7544.804353996479	1	3
419	35	7537.788732698797	1	3
420	36	7524.425662715295	1	3
421	37	7524.455667804418	1	3
422	38	7562.258417457668	1	3
423	39	7576.091658189011	1	3
424	40	7584.126991657399	1	3
425	41	7604.149820060083	1	3
426	42	7637.410086883292	1	3
427	43	7666.923418905309	1	3
428	44	7689.326031441862	1	3
429	45	7716.255973326765	1	3
430	46	7759.616033173301	1	3
431	47	7814.60228110277	1	3
432	48	7846.3753153939515	1	3
433	1	7891.530461346314	1	3
434	2	7922.059341755023	1	3
435	3	7954.811934470402	1	3
436	4	7964.326969543958	1	3
437	5	7977.982161804788	1	3
438	6	8006.353758300646	1	3
439	7	8027.66772235775	1	3
440	8	8057.6463913979915	1	3
441	9	8083.914785113832	1	3
442	10	8063.004971854965	1	3
443	11	8034.865632858974	1	3
444	12	8034.0594633666005	1	3
445	13	8044.229755260608	1	3
446	14	8036.800322615442	1	3
447	15	8054.57122540513	1	3
448	16	8088.565303854956	1	3
449	17	8093.024816316415	1	3
450	18	8108.750437874835	1	3
451	19	8132.012122218054	1	3
452	20	8139.045846619738	1	3
453	21	8145.318927026726	1	3
454	22	8151.196561354908	1	3
455	23	8162.75784298943	1	3
456	24	8193.928338980872	1	3
457	25	8219.387005155188	1	3
458	26	8223.937520157753	1	3
459	27	8236.828221905844	1	3
460	28	8246.88003745171	1	3
461	29	8262.47208965942	1	3
462	30	8277.473579208792	1	3
463	31	8287.46438473059	1	3
464	32	8293.306083854903	1	3
465	33	8287.768826947959	1	3
466	34	8285.37667409309	1	3
467	35	8289.92880307961	1	3
468	36	8293.248108901047	1	3
469	37	8285.043203032468	1	3
470	38	8252.470568338169	1	3
471	39	8239.065562824566	1	3
472	40	8228.966763002487	1	3
473	41	8214.850139178212	1	3
474	42	8192.705617833957	1	3
475	43	8171.078953717801	1	3
476	44	8152.7422899351395	1	3
477	45	8127.428825636054	1	3
478	46	8083.344373164374	1	3
479	47	8032.007266096238	1	3
480	48	8005.3264249589365	1	3
481	1	7964.826875323511	1	3
482	2	7934.724454261076	1	3
483	3	7889.4504401453905	1	3
484	4	7831.293262137544	1	3
485	5	7774.272736084482	1	3
486	6	7713.980865804782	1	3
487	7	7647.794316160171	1	3
488	8	7600.054065199566	1	3
489	9	7597.796581039472	1	3
490	10	7617.896271231154	1	3
491	11	7659.336426172759	1	3
492	12	7658.039365055486	1	3
493	13	7638.499472330089	1	3
494	14	7613.862899316632	1	3
495	15	7606.944648870381	1	3
496	16	7595.135135245185	1	3
497	17	7598.170353125358	1	3
498	18	7607.004427326427	1	3
499	19	7594.417385377831	1	3
500	20	7595.12018236831	1	3
501	21	7599.874671183947	1	3
502	22	7606.0180614962665	1	3
503	23	7602.685004928447	1	3
504	24	7604.403910458598	1	3
505	25	7591.845250764949	1	3
506	26	7597.841434034081	1	3
507	27	7605.614535127038	1	3
508	28	7599.007578936348	1	3
509	29	7595.703336830671	1	3
510	30	7596.4958033427665	1	3
511	31	7590.918010182597	1	3
512	32	7586.700054083926	1	3
513	33	7597.497558675489	1	3
514	34	7603.38753079725	1	3
515	35	7616.193384378737	1	3
516	36	7613.354939509485	1	3
517	37	7618.732727608305	1	3
518	38	7622.257436015532	1	3
519	39	7623.7507821704785	1	3
520	40	7617.283845015197	1	3
521	41	7615.894618377007	1	3
522	42	7608.36434219833	1	3
523	43	7594.716450746066	1	3
524	44	7599.814872845017	1	3
525	45	7603.53700141628	1	3
526	46	7617.298782447748	1	3
527	47	7626.9760558903445	1	3
528	48	7637.738400627196	1	3
529	1	7641.976183393725	1	3
530	2	7653.968770767726	1	3
531	3	7672.258058809997	1	3
532	4	7696.991818344982	1	3
533	5	7731.669882712231	1	3
534	6	7756.751786243996	1	3
535	7	7769.333870155327	1	3
536	8	7781.271265010618	1	3
537	9	7772.7897100950795	1	3
538	10	7743.004115240577	1	3
539	11	7733.452852202331	1	3
540	12	7734.715700723912	1	3
541	13	7745.974107120958	1	3
542	14	7763.073406925386	1	3
543	15	7760.090897978968	1	3
544	16	7744.444611749374	1	3
545	17	7721.71228798512	1	3
546	18	7711.482434384119	1	3
547	19	7702.021484723357	1	3
548	20	7694.506316249886	1	3
549	21	7679.751155210701	1	3
550	22	7661.408580578103	1	3
551	23	7656.95096630051	1	3
552	24	7635.171450657869	1	3
553	25	7623.8851782357915	1	3
554	26	7595.479048531951	1	3
555	27	7572.768905439965	1	3
556	28	7560.685890604003	1	3
557	29	7551.652846293353	1	3
558	30	7551.772712752685	1	3
559	31	7550.648938204988	1	3
560	32	7545.104115315755	1	3
561	33	7534.474995419933	1	3
562	34	7522.160155921761	1	3
563	35	7513.576040369128	1	3
564	36	7512.089975026802	1	3
565	37	7511.639631612373	1	3
566	38	7515.377191956967	1	3
567	39	7515.767421289174	1	3
568	40	7526.510915417228	1	3
569	41	7519.909412875268	1	3
570	42	7521.019809298907	1	3
571	43	7531.895620463074	1	3
572	44	7523.615509267929	1	3
573	45	7512.195053779148	1	3
574	46	7507.01555191595	1	3
575	47	7497.028296381777	1	3
576	48	7487.156552492351	1	3
577	1	7472.588425595361	1	3
578	2	7450.182865796788	1	3
579	3	7422.010349199261	1	2
580	4	7396.426398956356	1	2
581	5	7365.415090037883	1	2
582	6	7349.612196768547	1	2
583	7	7332.692015394568	1	2
584	8	7300.462987151474	1	2
585	9	7240.507294575417	1	1
586	10	7237.465346975832	1	1
587	11	7205.10134671692	0	1
588	12	7184.279567994653	0	2
589	13	7180.28348720354	0	2
590	14	7166.672590450671	0	2
591	15	7132.268769693622	0	2
592	16	7125.754148294715	0	2
593	17	7116.360811426448	0	2
594	18	7093.869304148949	0	2
595	19	7079.111311272939	0	2
596	20	7064.204320297155	0	2
597	21	7049.408993702605	0	2
598	22	7039.088722377557	0	2
599	23	7018.754985522112	0	2
600	24	7000.093509782451	0	2
601	25	6980.998395997232	0	2
602	26	6969.008291405169	0	2
603	27	6951.595744261443	0	2
604	28	6938.429676530158	0	2
605	29	6926.784293788179	0	2
606	30	6913.044936099924	0	2
607	31	6901.662838519625	0	1
608	32	6887.673536261777	0	1
609	33	6870.048767952644	0	1
610	34	6858.269338076752	-1	1
611	35	6833.509140811581	-1	1
612	36	6813.87696405147	-1	1
613	37	6791.159999809657	-1	2
614	38	6765.362785862746	-1	2
615	39	6747.360374508302	-1	2
616	40	6726.359422651154	-1	2
617	41	6710.210643508126	-1	2
618	42	6703.678501389724	-1	2
619	43	6679.1393511649885	-1	2
620	44	6662.621168877104	-1	3
621	45	6655.508400421434	-1	3
622	46	6628.4583814651805	-1	3
623	47	6619.307408468268	-1	3
624	48	6601.6048850532125	-1	3
625	1	6592.456438590801	-1	3
626	2	6592.362101269088	-1	3
627	3	6588.60394180103	-1	3
628	4	6596.213819341123	-1	3
629	5	6605.910329092238	-1	3
630	6	6612.633630761383	-1	3
631	7	6614.09421444708	-1	3
632	8	6612.303805707914	-1	3
633	9	6608.895271744537	-1	3
634	10	6597.062662162705	-1	3
635	11	6601.400587419531	-1	3
636	12	6581.698897361578	-1	3
637	13	6548.521978514545	-1	3
638	14	6527.6594712765145	-1	3
639	15	6517.90606897338	-1	3
640	16	6487.839949822311	-1	3
641	17	6455.633544877585	-1	3
642	18	6424.829890051399	-1	3
643	19	6404.746842659039	-1	3
644	20	6376.656625782087	-1	3
645	21	6354.162379352472	-1	3
646	22	6331.512259439253	-1	3
647	23	6307.9549962902165	-1	3
648	24	6281.9835232228115	-1	3
649	25	6260.506342149118	-1	3
650	26	6242.658175582319	-1	3
651	27	6233.582962297817	-1	3
652	28	6213.523903840838	-1	3
653	29	6192.220120403776	-1	3
654	30	6158.218394841338	-1	3
655	31	6127.651796687786	-1	3
656	32	6126.31246769156	-1	3
657	33	6112.994207674303	-1	3
658	34	6107.098602798162	-1	3
659	35	6096.0772918289	-1	3
660	36	6089.803948802082	-1	3
661	37	6076.797244937445	-1	3
662	38	6062.970844168797	-1	3
663	39	6052.229050391908	-1	3
664	40	6042.129163353517	-1	3
665	41	6037.94479235904	-1	3
666	42	6024.995918821446	-1	3
667	43	6011.566049563869	-1	3
668	44	5995.719088729373	-1	3
669	45	5978.278395465438	-1	3
670	46	5971.00068567979	-1	3
671	47	5965.88649797212	-1	3
672	48	5964.013078453154	-1	3
673	1	5979.564285864835	-1	3
674	2	5989.66894877396	-1	3
675	3	5990.335871516789	-1	3
676	4	5991.734697099153	-1	3
677	5	5998.027979776857	-1	3
678	6	6008.8852984770765	-1	3
679	7	6044.334464672005	-1	3
680	8	6065.351594576062	-1	3
681	9	6106.080801005955	-1	3
682	10	6113.252599005171	-1	3
683	11	6101.928192348514	-1	3
684	12	6114.3668672550075	-1	3
685	13	6119.19453117129	-1	3
686	14	6111.637589631054	-1	3
687	15	6139.426969922636	-1	3
688	16	6161.230220993513	-1	3
689	17	6177.6330957601	-1	3
690	18	6194.390244994346	-1	3
691	19	6195.145706575563	-1	3
692	20	6201.638114798724	-1	3
693	21	6214.599651402456	-1	3
694	22	6230.503380413954	-1	3
695	23	6242.594056220841	-1	3
696	24	6261.0027564294805	-1	3
697	25	6274.944697769465	-1	3
698	26	6302.843616586726	-1	3
699	27	6315.156354316553	-1	3
700	28	6327.572256842711	-1	3
701	29	6335.881933550676	-1	3
702	30	6368.2544305304955	-1	3
703	31	6395.388300362246	-1	3
704	32	6406.2240638316225	-1	3
705	33	6424.084120010519	-1	3
706	34	6441.466865020119	-1	3
707	35	6464.755231898085	-1	3
708	36	6490.986326419631	-1	3
709	37	6509.474201540794	-1	3
710	38	6547.529060700744	-1	3
711	39	6582.123655315519	-1	3
712	40	6616.371240408554	-1	3
713	41	6637.3225470726	-1	3
714	42	6663.811589416526	-1	3
715	43	6691.592774683512	-1	2
716	44	6733.195862496586	-1	2
717	45	6782.227548686286	-1	2
718	46	6826.087302177464	-1	1
719	47	6865.02788760231	0	1
720	48	6897.129797571009	0	1
721	1	6928.37551793569	0	2
722	2	6941.2395923257345	0	2
723	3	6960.034044916337	0	2
724	4	6978.209576663028	0	2
725	5	6999.893414950101	0	2
726	6	6998.5542665459025	0	2
727	7	7016.801971263869	0	2
728	8	7030.392186149543	0	2
729	9	7039.1962528523745	0	2
730	10	7081.870643189781	0	2
731	11	7124.1634035365605	0	2
732	12	7169.6793727104305	0	2
733	13	7211.438146723474	0	1
734	14	7246.027272009355	1	1
735	15	7241.723946708195	1	1
736	16	7242.02809841447	1	1
737	17	7257.184326038259	1	1
738	18	7273.862960966314	1	1
739	19	7301.312164323016	1	2
740	20	7332.177231310139	1	2
741	21	7344.997597477643	1	2
742	22	7364.281311851726	1	2
743	23	7395.747152413197	1	2
744	24	7418.693443542985	1	2
745	25	7436.688885855089	1	3
746	26	7437.818737114587	1	3
747	27	7447.939490414083	1	3
748	28	7465.323151358376	1	3
749	29	7492.5061978465765	1	3
750	30	7494.714785464171	1	3
751	31	7500.813495499618	1	3
752	32	7515.94752471128	1	3
753	33	7523.030379203152	1	3
754	34	7540.067564379286	1	3
755	35	7543.020686804361	1	3
756	36	7544.219807274886	1	3
757	37	7550.289317822305	1	3
758	38	7539.587830641606	1	3
759	39	7537.129025296943	1	3
760	40	7525.460813770664	1	3
761	41	7521.0498192061295	1	3
762	42	7528.760958290324	1	3
763	43	7544.26477297759	1	3
764	44	7537.938663343497	1	3
765	45	7532.435515559503	1	3
766	46	7532.000601140047	1	3
767	47	7540.66721632944	1	3
768	48	7553.091199276173	1	3
769	1	7553.825321166726	1	3
770	2	7557.645343055928	1	3
771	3	7575.71750014763	1	3
772	4	7576.465809677188	1	3
773	5	7589.930903485626	1	3
774	6	7612.563095838086	1	3
775	7	7597.198532137658	1	3
776	8	7597.288240537281	1	3
777	9	7589.1082797914005	1	3
778	10	7544.009966072211	1	3
779	11	7514.881890532775	1	3
780	12	7481.865682351475	1	3
781	13	7456.625592067023	1	3
782	14	7454.7742631383935	1	3
783	15	7466.9479023171925	1	3
784	16	7491.469434239064	1	3
785	17	7487.126494476311	1	3
786	18	7500.272794250031	1	3
787	19	7511.444479825822	1	3
788	20	7521.274892156681	1	3
789	21	7526.615922724054	1	3
790	22	7525.115769030024	1	3
791	23	7521.004804329378	1	3
792	24	7512.360176479679	1	3
793	25	7513.546019878733	1	3
794	26	7514.116401922241	1	3
795	27	7515.6923777448865	1	3
796	28	7510.528743581185	1	3
797	29	7495.165489270623	1	3
798	30	7488.238612570078	1	3
799	31	7477.731266641941	1	3
800	32	7462.223741550118	1	3
801	33	7467.5797160521615	1	3
802	34	7447.563061671953	1	3
803	35	7442.488143449854	1	3
804	36	7442.864663199817	1	3
805	37	7458.461708525175	1	3
806	38	7459.21416895832	1	3
807	39	7444.32549588438	1	3
808	40	7457.543670336683	1	3
809	41	7476.10734712705	1	3
810	42	7480.482622578686	1	3
811	43	7477.956801126957	1	3
812	44	7494.654690897047	1	3
813	45	7487.066378315857	1	3
814	46	7483.429032051627	1	3
815	47	7474.257730854516	1	3
816	48	7469.836038941219	1	3
817	1	7456.610541269618	1	3
818	2	7432.831868232267	1	3
819	3	7410.8513929487835	1	2
820	4	7409.9312672546985	1	2
821	5	7394.524452878288	1	2
822	6	7388.908170884059	1	2
823	7	7374.12044479784	1	2
824	8	7350.05090844653	1	2
825	9	7333.600426632179	1	2
826	10	7328.225079439888	1	2
827	11	7328.785392156349	1	2
828	12	7363.01140678554	1	2
829	13	7383.07892248751	1	2
830	14	7377.504876259051	1	2
831	15	7355.889428099539	1	2
832	16	7314.71239675601	1	2
833	17	7305.466562111761	1	2
834	18	7275.851946833965	1	1
835	19	7249.067944753432	1	1
836	20	7219.70652894572	0	1
837	21	7213.006809011664	0	1
838	22	7201.764592899445	0	1
839	23	7189.113467117557	0	1
840	24	7179.978410469631	0	2
841	25	7187.619198717058	0	1
842	26	7186.079072115796	0	2
843	27	7180.5580523336785	0	2
844	28	7178.712292892944	0	2
845	29	7172.472074409024	0	2
846	30	7172.655188915474	0	2
847	31	7164.825563305828	0	2
848	32	7168.290508573194	0	2
849	33	7151.387553594371	0	2
850	34	7162.047072175719	0	2
851	35	7173.433407072865	0	2
852	36	7168.137880320907	0	2
853	37	7148.8363750642575	0	2
854	38	7152.548462107944	0	2
855	39	7154.870078693957	0	2
856	40	7142.800864850029	0	2
857	41	7121.516981711831	0	2
858	42	7103.763166245304	0	2
859	43	7089.947162744307	0	2
860	44	7076.765579205961	0	2
861	45	7086.208155363781	0	2
862	46	7095.508408794658	0	2
863	47	7087.372839229745	0	2
864	48	7084.82883666391	0	2
865	1	7093.317799491665	0	2
866	2	7107.284568993746	0	2
867	3	7112.473682679757	0	2
868	4	7120.415477938216	0	2
869	5	7135.785176360662	0	2
870	6	7135.525289077146	0	2
871	7	7141.883920273856	0	2
872	8	7156.718016713696	0	2
873	9	7167.8478834662055	0	2
874	10	7170.030389199849	0	2
875	11	7157.099800995663	0	2
876	12	7117.600249245098	0	2
877	13	7104.2837604215165	0	2
878	14	7116.161882178069	0	2
879	15	7133.644828118931	0	2
880	16	7171.9532409701515	0	2
881	17	7188.869512453867	0	1
882	18	7205.588863026684	0	1
883	19	7222.294466587273	0	1
884	20	7265.373440127778	1	1
885	21	7278.493507807927	1	1
886	22	7295.928394578522	1	2
887	23	7297.748417994411	1	2
888	24	7315.530680744056	1	2
889	25	7318.939848041904	1	2
890	26	7323.605706398306	1	2
891	27	7329.209402491974	1	2
892	28	7325.559600074693	1	2
893	29	7339.488991836056	1	2
894	30	7339.897647536902	1	2
895	31	7346.389650450781	1	2
896	32	7343.756775742972	1	2
897	33	7350.156802977434	1	2
898	34	7343.0909383058415	1	2
899	35	7330.299674840046	1	2
900	36	7324.71142087315	1	2
901	37	7320.182160099701	1	2
902	38	7314.894240447684	1	2
903	39	7319.121654477444	1	2
904	40	7314.621474308959	1	2
905	41	7313.77284547362	1	2
906	42	7322.590820457284	1	2
907	43	7319.879164053635	1	2
908	44	7312.424059930661	1	2
909	45	7294.199223180217	1	2
910	46	7277.795197167463	1	1
911	47	7286.886557578908	1	1
912	48	7280.1329263772595	1	1
913	1	7266.86201822034	1	1
914	2	7250.968135534616	1	1
915	3	7232.9776463929675	0	1
916	4	7201.017938219663	0	1
917	5	7172.258438722678	0	2
918	6	7161.619578073747	0	2
919	7	7167.939461869837	0	2
920	8	7168.122617432282	0	2
921	9	7159.283468298021	0	2
922	10	7177.949533236661	0	2
923	11	7185.8655799830185	0	2
924	12	7204.53764140007	0	1
925	13	7200.377926640574	0	1
926	14	7204.23292931057	0	1
927	15	7193.519392967213	0	1
928	16	7177.110464412174	0	2
929	17	7171.571737302224	0	2
930	18	7167.267877273499	0	2
931	19	7160.672951783124	0	2
932	20	7129.286986705911	0	2
933	21	7125.845918188118	0	2
934	22	7114.815232323555	0	2
935	23	7108.937883756111	0	2
936	24	7108.463335139955	0	2
937	25	7104.819652059565	0	2
938	26	7108.64703271123	0	2
939	27	7119.359813445429	0	2
940	28	7145.322247219861	0	2
941	29	7144.558225282076	0	2
942	30	7140.370870436108	0	2
943	31	7144.57350600478	0	2
944	32	7147.828035848212	0	2
945	33	7155.26717056165	0	2
946	34	7166.062021646371	0	2
947	35	7177.064696021216	0	2
948	36	7193.062074946544	0	1
949	37	7216.570116505156	0	1
950	38	7228.093297516878	0	1
951	39	7241.252502610067	1	1
952	40	7252.959345972165	1	1
953	41	7274.136268164158	1	1
954	42	7267.575889753745	1	1
955	43	7289.541871820368	1	2
956	44	7296.519919848354	1	2
957	45	7304.102071322104	1	2
958	46	7315.667058252785	1	2
959	47	7318.500475876821	1	2
960	48	7339.186278706903	1	2
961	1	7345.512062736154	1	2
962	2	7362.799748389575	1	2
963	3	7379.57454736343	1	2
964	4	7390.916316495847	1	2
965	5	7395.0376935129325	1	2
966	6	7398.901688054009	1	2
967	7	7424.256500370376	1	2
968	8	7463.442495978138	1	3
969	9	7520.134497930005	1	3
970	10	7571.391757266888	1	3
971	11	7609.798884235117	1	3
972	12	7629.81270239664	1	3
973	13	7635.49979853646	1	3
974	14	7617.194220201819	1	3
975	15	7633.425152795972	1	3
976	16	7633.39530031887	1	3
977	17	7635.798292262542	1	3
978	18	7639.633568502018	1	3
979	19	7634.6789194501525	1	3
980	20	7622.556113546847	1	3
981	21	7611.711457777935	1	3
982	22	7613.5342208138245	1	3
983	23	7613.429640234918	1	3
984	24	7598.992628762304	1	3
985	25	7592.144352062514	1	3
986	26	7581.852864824147	1	3
987	27	7560.311462352234	1	3
988	28	7535.329719196144	1	3
989	29	7539.392935718423	1	3
990	30	7537.293954067188	1	3
991	31	7536.394327042951	1	3
992	32	7532.045592699887	1	3
993	33	7538.748270550485	1	3
994	34	7531.580675318533	1	3
995	35	7530.5608208948925	1	3
996	36	7528.985949460566	1	3
997	37	7513.335875254932	1	3
998	38	7501.549427767405	1	3
999	39	7488.704482470633	1	3
1000	40	7476.513338732766	1	3
1001	41	7457.167413598461	1	3
1002	42	7444.686923333634	1	3
1003	43	7410.398877179027	1	2
1004	44	7394.750884127343	1	2
1005	45	7383.305478160583	1	2
1006	46	7365.581372300421	1	2
1007	47	7360.047992835972	1	2
1008	48	7337.2942213133565	1	2
1009	1	7341.6229937707	1	2
1010	2	7347.705962316623	1	2
1011	3	7352.350210883088	1	2
1012	4	7365.127872084934	1	2
1013	5	7358.989528161268	1	2
1014	6	7357.4622196838	1	2
1015	7	7325.377850320733	1	2
1016	8	7301.160528111364	1	2
1017	9	7261.864220847296	1	1
1018	10	7237.723930152711	1	1
1019	11	7229.21938827917	0	1
1020	12	7243.275073051334	1	1
1021	13	7257.7465777474345	1	1
1022	14	7274.029982464421	1	1
1023	15	7292.712626294194	1	2
1024	16	7330.148251564261	1	2
1025	17	7342.773144707941	1	2
1026	18	7376.38686606782	1	2
1027	19	7400.9390532328325	1	2
1028	20	7420.457499739198	1	2
1029	21	7438.9635909696835	1	3
1030	22	7450.99584202497	1	3
1031	23	7463.592954592911	1	3
1032	24	7504.342733558302	1	3
1033	25	7524.545682817205	1	3
1034	26	7541.4017669219675	1	3
1035	27	7573.487382272118	1	3
1036	28	7597.60221697764	1	3
1037	29	7592.592996173507	1	3
1038	30	7622.40677530002	1	3
1039	31	7636.887759247508	1	3
1040	32	7645.735771766594	1	3
1041	33	7648.480453955987	1	3
1042	34	7650.001812077276	1	3
1043	35	7649.43504414272	1	3
1044	36	7642.408867831701	1	3
1045	37	7667.370506293609	1	3
1046	38	7679.52774054758	1	3
1047	39	7683.4743936729665	1	3
1048	40	7702.914203157863	1	3
1049	41	7720.656813376215	1	3
1050	42	7765.061520474182	1	3
1051	43	7800.816773959198	1	3
1052	44	7818.3322132431795	1	3
1053	45	7843.699741052958	1	3
1054	46	7870.6476608014345	1	3
1055	47	7899.0523195729775	1	3
1056	48	7929.865433801145	1	3
1057	1	7958.783150556786	1	3
1058	2	7971.133554456863	1	3
1059	3	7990.68918235244	1	3
1060	4	8019.440830483	1	3
1061	5	8046.0610954563645	1	3
1062	6	8073.703713821905	1	3
1063	7	8086.5033984390075	1	3
1064	8	8098.579711253483	1	3
1065	9	8101.342037430305	1	3
1066	10	8095.305410429878	1	3
1067	11	8111.467710737172	1	3
1068	12	8115.426170378997	1	3
1069	13	8126.21716413805	1	3
1070	14	8155.439774825099	1	3
1071	15	8155.439774825099	1	3
1072	16	8129.457850224305	1	3
1073	17	8143.189189572205	1	3
1074	18	8139.717002224443	1	3
1075	19	8141.905416784285	1	3
1076	20	8154.375399668964	1	3
1077	21	8168.121004844947	1	3
1078	22	8178.086174418234	1	3
1079	23	8191.497389321253	1	3
1080	24	8173.308092807303	1	3
1081	25	8178.115306025032	1	3
1082	26	8179.164019360956	1	3
1083	27	8167.377815125536	1	3
1084	28	8155.264812429696	1	3
1085	29	8166.605455297666	1	3
1086	30	8155.410614518296	1	3
1087	31	8155.804275540106	1	3
1088	32	8157.3059575573125	1	3
1089	33	8154.550368831912	1	3
1090	34	8163.89470446683	1	3
1091	35	8161.15448136107	1	3
1092	36	8173.963680917399	1	3
1093	37	8164.433965278088	1	3
1094	38	8169.6655969603635	1	3
1095	39	8176.775214019244	1	3
1096	40	8158.778385503134	1	3
1097	41	8166.722039573161	1	3
1098	42	8140.519445121711	1	3
1099	43	8135.324954045768	1	3
1100	44	8132.362400189693	1	3
1101	45	8133.515360722209	1	3
1102	46	8126.275558932695	1	3
1103	47	8102.613472132517	1	3
1104	48	8086.488774330499	1	3
1105	1	8074.069518929865	1	3
1106	2	8063.3270320745205	1	3
1107	3	8050.734005826051	1	3
1108	4	8045.064864727198	1	3
1109	5	8067.601217552568	1	3
1110	6	8059.974454514614	1	3
1111	7	8059.608422656706	1	3
1112	8	8064.263908593596	1	3
1113	9	8092.9517165818315	1	3
1114	10	8115.221691084651	1	3
1115	11	8102.160440295783	1	3
1116	12	8092.834756519421	1	3
1117	13	8093.404931161662	1	3
1118	14	8077.5224295856415	1	3
1119	15	8072.41603307823	1	3
1120	16	8077.361500466734	1	3
1121	17	8064.981178588822	1	3
1122	18	8054.52729144598	1	3
1123	19	8071.186815318967	1	3
1124	20	8077.4785399387	1	3
1125	21	8074.376790678373	1	3
1126	22	8064.498121691944	1	3
1127	23	8065.976536203512	1	3
1128	24	8078.678159853122	1	3
1129	25	8072.679428247233	1	3
1130	26	8086.810502551026	1	3
1131	27	8086.035422314516	1	3
1132	28	8089.164830021511	1	3
1133	29	8092.147604045719	1	3
1134	30	8098.872036709167	1	3
1135	31	8098.433547122341	1	3
1136	32	8102.540403089044	1	3
1137	33	8105.930560623837	1	3
1138	34	8104.235544724964	1	3
1139	35	8121.369877226507	1	3
1140	36	8120.28931802717	1	3
1141	37	8122.83001136032	1	3
1142	38	8115.411564775714	1	3
1143	39	8115.046421663745	1	3
1144	40	8120.537559111607	1	3
1145	41	8108.721218132339	1	3
1146	42	8109.773105338531	1	3
1147	43	8106.164346055145	1	3
1148	44	8119.58838749572	1	3
1149	45	8108.794267418556	1	3
1150	46	8112.37339661919	1	3
1151	47	8114.739696946686	1	3
1152	48	8123.384837924629	1	3
1153	1	8112.8846550722055	1	3
1154	2	8119.646799192938	1	3
1155	3	8126.684318328523	1	3
1156	4	8106.368906346036	1	3
1157	5	8085.625935326173	1	3
1158	6	8070.689255922261	1	3
1159	7	8052.755217576111	1	3
1160	8	8041.269996919314	1	3
1161	9	8038.251231544515	1	3
1162	10	8017.724684416808	1	3
1163	11	8009.30341280765	1	3
1164	12	8009.200694996621	1	3
1165	13	8010.770759103964	1	3
1166	14	8011.298980436129	1	3
1167	15	7996.885844891425	1	3
1168	16	8003.785337271302	1	3
1169	17	7995.549741808027	1	3
1170	18	7990.68918235244	1	3
1171	19	7955.032576029378	1	3
1172	20	7932.353973119127	1	3
1173	21	7922.191920797941	1	3
1174	22	7938.507869672401	1	3
1175	23	7944.70422333394	1	3
1176	24	7931.382150482392	1	3
1177	25	7923.223064273288	1	3
1178	26	7905.244884154282	1	3
1179	27	7907.264467627747	1	3
1180	28	7916.239819426975	1	3
1181	29	7912.644217093496	1	3
1182	30	7906.291552443106	1	3
1183	31	7905.466015352158	1	3
1184	32	7903.254604642667	1	3
1185	33	7917.727993524808	1	3
1186	34	7924.018485294573	1	3
1187	35	7928.274979593997	1	3
1188	36	7940.774668243839	1	3
1189	37	7954.929610238618	1	3
1190	38	7963.856459821013	1	3
1191	39	7976.894754010671	1	3
1192	40	7994.536599873263	1	3
1193	41	7998.442084935134	1	3
1194	42	8005.590600855145	1	3
1195	43	8007.659871761716	1	3
1196	44	7989.763941994294	1	3
1197	45	7984.534885362485	1	3
1198	46	7969.10502562417	1	3
1199	47	7979.495628404211	1	3
1200	48	7964.429892231777	1	3
1201	1	7963.003635819443	1	3
1202	2	7956.988836262773	1	3
1203	3	7956.841754957792	1	3
1204	4	7962.003731944251	1	3
1205	5	7965.841355790446	1	3
1206	6	7968.884522325923	1	3
1207	7	8006.72065173575	1	3
1208	8	8048.126669795056	1	3
1209	9	8059.052042941309	1	3
1210	10	8084.148796143321	1	3
1211	11	8107.450123188358	1	3
1212	12	8108.677388448575	1	3
1213	13	8115.017209963079	1	3
1214	14	8105.609101751227	1	3
1215	15	8108.005322775967	1	3
1216	16	8096.621034159335	1	3
1217	17	8109.451700492726	1	3
1218	18	8125.560212443212	1	3
1219	19	8142.561900473401	1	3
1220	20	8170.248434994836	1	3
1221	21	8170.161010229713	1	3
1222	22	8156.795688258101	1	3
1223	23	8144.9834335474625	1	3
1224	24	8151.7215374348125	1	3
1225	25	8173.089559293022	1	3
1226	26	8185.149511959655	1	3
1227	27	8200.681252288285	1	3
1228	28	8200.81221602035	1	3
1229	29	8211.141463703945	1	3
1230	30	8222.600081272407	1	3
1231	31	8237.220498555691	1	3
1232	32	8231.902406624764	1	3
1233	33	8216.609734326803	1	3
1234	34	8209.032344069545	1	3
1235	35	8207.024865502126	1	3
1236	36	8202.223666949612	1	3
1237	37	8185.324247541681	1	3
1238	38	8183.285583426523	1	3
1239	39	8177.066544993786	1	3
1240	40	8172.987576277182	1	3
1241	41	8176.105138807189	1	3
1242	42	8166.5617360421875	1	3
1243	43	8153.456789717918	1	3
1244	44	8146.777537359377	1	3
1245	45	8143.20377748688	1	3
1246	46	8137.411646545209	1	3
1247	47	8104.337833731548	1	3
1248	48	8094.325952415543	1	3
1249	1	8068.947712355041	1	3
1250	2	8053.633949175879	1	3
1251	3	8031.655442178971	1	3
1252	4	8003.3743627819995	1	3
1253	5	7972.970831984573	1	3
1254	6	7948.324102281802	1	3
1255	7	7913.395804818175	1	3
1256	8	7843.670174887703	1	3
1257	9	7806.785136901527	1	3
1258	10	7772.685894517842	1	3
1259	11	7753.6645094357655	1	3
1260	12	7739.677244611061	1	3
1261	13	7704.907808533261	1	3
1262	14	7693.494173941141	1	3
1263	15	7678.574478751204	1	3
1264	16	7678.470213195986	1	3
1265	17	7666.0292163888835	1	3
1266	18	7635.290850465849	1	3
1267	19	7613.9077187226	1	3
1268	20	7568.861764439641	1	3
1269	21	7542.016371389579	1	3
1270	22	7514.656749694521	1	3
1271	23	7483.143428735106	1	3
1272	24	7459.620486399123	1	3
1273	25	7436.779276196067	1	3
1274	26	7420.955027160446	1	2
1275	27	7392.275102253134	1	2
1276	28	7373.893789084324	1	2
1277	29	7351.4880023576825	1	2
1278	30	7341.168969231058	1	2
1279	31	7325.726202610999	1	2
1280	32	7336.628175937505	1	2
1281	33	7335.523098804163	1	2
1282	34	7331.707858179345	1	2
1283	35	7327.2861429876675	1	2
1284	36	7336.4767989978145	1	2
1285	37	7361.136643041564	1	2
1286	38	7382.852364348895	1	2
1287	39	7394.14706199865	1	2
1288	40	7397.815011937394	1	2
1289	41	7406.099488441247	1	2
1290	42	7425.974869415629	1	2
1291	43	7448.963342459379	1	3
1292	44	7483.023173550567	1	3
1293	45	7506.384917335837	1	3
1294	46	7544.879294722278	1	3
1295	47	7588.315539765658	1	3
1296	48	7627.767368591338	1	3
1297	1	7660.976277003981	1	3
1298	2	7691.335771583011	1	3
1299	3	7720.1959563005785	1	3
1300	4	7756.113586871771	1	3
1301	5	7795.735725039331	1	3
1302	6	7818.3322132431795	1	3
1303	7	7818.850209458862	1	3
1304	8	7835.123895829774	1	3
1305	9	7818.154611738795	1	3
1306	10	7781.730836021535	1	3
1307	11	7770.861626270952	1	3
1308	12	7783.821021438736	1	3
1309	13	7821.854347558118	1	3
1310	14	7848.07509785236	1	3
1311	15	7882.3090289446245	1	3
1312	16	7899.022827052053	1	3
1313	17	7901.957141554444	1	3
1314	18	7909.829222375174	1	3
1315	19	7927.317707239473	1	3
1316	20	7947.382401434179	1	3
1317	21	7961.297890630744	1	3
1318	22	7983.00706657124	1	3
1319	23	8009.611563437683	1	3
1320	24	8024.485839083781	1	3
1321	25	8021.024849719233	1	3
1322	26	8018.4727641015	1	3
1323	27	8025.761578730577	1	3
1324	28	8034.777688490216	1	3
1325	29	8040.097708593031	1	3
1326	30	8042.852490025933	1	3
1327	31	8038.749502073716	1	3
1328	32	8037.020163272543	1	3
1329	33	8032.652262416871	1	3
1330	34	8031.157015606474	1	3
1331	35	8032.168516898446	1	3
1332	36	8021.948809709027	1	3
1333	37	7989.264590140419	1	3
1334	38	7964.694548405971	1	3
1335	39	7946.293510495712	1	3
1336	40	7932.47176693306	1	3
1337	41	7913.661065029683	1	3
1338	42	7886.411194232535	1	3
1339	43	7870.500009285924	1	3
1340	44	7845.163216837445	1	3
1341	45	7823.378458195736	1	3
1342	46	7796.743140011304	1	3
1343	47	7765.788472144066	1	3
1344	48	7737.820511500941	1	3
1345	1	7743.865454473096	1	3
1346	2	7740.865470902397	1	3
1347	3	7739.721804264486	1	3
1348	4	7744.02880808066	1	3
1349	5	7743.806052858251	1	3
1350	6	7743.657548114161	1	3
1351	7	7737.270888193708	1	3
1352	8	7723.466343883453	1	3
1353	9	7745.781069922184	1	3
1354	10	7793.780022985654	1	3
1355	11	7816.215702235394	1	3
1356	12	7792.7280203510245	1	3
1357	13	7770.505653782574	1	3
1358	14	7770.25350310416	1	3
1359	15	7768.147189948594	1	3
1360	16	7754.228563703561	1	3
1361	17	7770.876458332456	1	3
1362	18	7779.388405842331	1	3
1363	19	7780.678255933595	1	3
1364	20	7780.574477697173	1	3
1365	21	7803.438313873952	1	3
1366	22	7807.051676148195	1	3
1367	23	7813.136777874779	1	3
1368	24	7813.003545474709	1	3
1369	25	7820.478118341612	1	3
1370	26	7828.246028784371	1	3
1371	27	7832.018027578824	1	3
1372	28	7826.100879240129	1	3
1373	29	7836.928056880089	1	3
1374	30	7835.049951660401	1	3
1375	31	7837.726572940278	1	3
1376	32	7832.949833911648	1	3
1377	33	7849.745191709728	1	3
1378	34	7863.012789284902	1	3
1379	35	7881.26123226573	1	3
1380	36	7870.706721132589	1	3
1381	37	7879.46067751191	1	3
1382	38	7898.668913754757	1	3
1383	39	7904.714160328737	1	3
1384	40	7914.884168548435	1	3
1385	41	7910.153480707615	1	3
1386	42	7913.174752233076	1	3
1387	43	7904.773130266728	1	3
1388	44	7906.881203077804	1	3
1389	45	7917.521717889131	1	3
1390	46	7912.762114881387	1	3
1391	47	7907.352912357514	1	3
1392	48	7899.450464783396	1	3
1393	1	7893.212038474379	1	3
1394	2	7871.8288375642605	1	3
1395	3	7855.729891544284	1	3
1396	4	7836.484424378432	1	3
1397	5	7794.491207503712	1	3
1398	6	7767.568660037322	1	3
1399	7	7761.3522075799665	1	3
1400	8	7785.970295311614	1	3
1401	9	7778.33571335355	1	3
1402	10	7754.080129780751	1	3
1403	11	7727.211820856722	1	3
1404	12	7750.398646025467	1	3
1405	13	7760.936725388075	1	3
1406	14	7746.4641169634815	1	3
1407	15	7753.24888118964	1	3
1408	16	7746.954115813618	1	3
1409	17	7733.1259853768315	1	3
1410	18	7715.765283985435	1	3
1411	19	7693.970482086183	1	3
1412	20	7683.653093024123	1	3
1413	21	7659.530233213181	1	3
1414	22	7650.523822000569	1	3
1415	23	7640.692999142435	1	3
1416	24	7639.364972173307	1	3
1417	25	7635.634121225295	1	3
1418	26	7628.409355617634	1	3
1419	27	7621.8840832644155	1	3
1420	28	7626.961125182166	1	3
1421	29	7616.238198920511	1	3
1422	30	7611.2781552684455	1	3
1423	31	7609.380486048801	1	3
1424	32	7600.1437616442145	1	3
1425	33	7579.802951106621	1	3
1426	34	7570.104342767456	1	3
1427	35	7536.739188570139	1	3
1428	36	7531.625667767995	1	3
1429	37	7516.412784801011	1	3
1430	38	7485.398086567682	1	3
1431	39	7478.062049727747	1	3
1432	40	7463.577908779837	1	3
1433	41	7479.8361613683455	1	3
1434	42	7480.617925905964	1	3
1435	43	7478.618355033759	1	3
1436	44	7466.887728591714	1	3
1437	45	7451.266827110265	1	3
1438	46	7451.146389726082	1	3
1439	47	7448.135230693483	1	3
1440	48	7436.176666562855	1	3
1441	1	7402.930951323687	1	2
1442	2	7387.277353841274	1	2
1443	3	7362.452019197272	1	2
1444	4	7346.783039771205	1	2
1445	5	7343.106071212654	1	2
1446	6	7362.331068547715	1	2
1447	7	7393.754568237268	1	2
1448	8	7420.487653253009	1	2
1449	9	7446.283153472612	1	3
1450	10	7437.38186851238	1	3
1451	11	7415.0894817129665	1	2
1452	12	7352.395589285833	1	2
1453	13	7306.421651888225	1	2
1454	14	7266.664560001018	1	1
1455	15	7219.234575440499	0	1
1456	16	7199.47882867693	0	1
1457	17	7179.0326433776045	0	2
1458	18	7161.253147354667	0	2
1459	19	7169.190991803671	0	2
1460	20	7157.2219704404615	0	2
1461	21	7150.364065655106	0	2
1462	22	7138.169867667361	0	2
1463	23	7133.06383715602	0	2
1464	24	7130.632666598951	0	2
1465	25	7119.13031381852	0	2
1466	26	7109.871640167289	0	2
1467	27	7099.444775229116	0	2
1468	28	7089.579422540111	0	2
1469	29	7085.227316291949	0	2
1470	30	7084.629593869225	0	2
1471	31	7092.0768584074585	0	2
1472	32	7083.9705458518465	0	2
1473	33	7091.203557407575	0	2
1474	34	7114.447948493316	0	2
1475	35	7126.656534044092	0	2
1476	36	7140.049905853023	0	2
1477	37	7150.654313781018	0	2
1478	38	7165.283519662202	0	2
1479	39	7162.642495309313	0	2
1480	40	7181.824054493117	0	2
1481	41	7192.22363179285	0	1
1482	42	7207.889172805066	0	1
1483	43	7214.301245028407	0	1
1484	44	7224.775533288359	0	1
1485	45	7225.840929310277	0	1
1486	46	7218.412436750331	0	1
1487	47	7215.154004925617	0	1
1488	48	7220.087128641509	0	1
1489	1	7226.830175735908	0	1
1490	2	7243.746470460476	1	1
1491	3	7251.50015730592	1	1
1492	4	7246.8330943492665	1	1
1493	5	7256.682845263661	1	1
1494	6	7252.275364249365	1	1
1495	7	7220.14802393254	0	1
1496	8	7180.619066301406	0	2
1497	9	7141.058634456659	0	2
1498	10	7135.387700332735	0	2
1499	11	7162.367686813617	0	2
1500	12	7196.080183376108	0	1
1501	13	7214.940818302455	0	1
1502	14	7225.247358399912	0	1
1503	15	7228.184604491037	0	1
1504	16	7238.606130452719	1	1
1505	17	7233.723129441468	0	1
1506	18	7240.203120213679	1	1
1507	19	7222.522798235989	0	1
1508	20	7225.201698382821	0	1
1509	21	7227.210642342978	0	1
1510	22	7230.041090927029	0	1
1511	23	7222.644574068555	0	1
1512	24	7215.854459530896	0	1
1513	25	7224.166710545016	0	1
1514	26	7229.021566028193	0	1
1515	27	7234.9097605407915	0	1
1516	28	7230.634522242342	0	1
1517	29	7216.128543899307	0	1
1518	30	7197.162325027943	0	1
1519	31	7171.7090794518035	0	2
1520	32	7171.174965852363	0	2
1521	33	7152.410989588033	0	2
1522	34	7116.284300410461	0	2
1523	35	7099.077209578833	0	2
1524	36	7075.216938303657	0	2
1525	37	7062.777449555195	0	2
1526	38	7045.032747708755	0	2
1527	39	7034.879214516914	0	2
1528	40	7004.295032848401	0	2
1529	41	6969.05453978731	0	2
1530	42	6958.167749930209	0	2
1531	43	6948.1237251899065	0	2
1532	44	6944.172590572962	0	2
1533	45	6940.4522390283355	0	2
1534	46	6945.330232099837	0	2
1535	47	6945.083274316523	0	2
1536	48	6950.577349087318	0	2
1537	1	6967.451199013708	0	2
1538	2	6965.292649007813	0	2
1539	3	6979.442252727458	0	2
1540	4	6985.003743563748	0	2
1541	5	6977.624028479797	0	2
1542	6	6984.017887443828	0	2
1543	7	6986.4208252908	0	2
1544	8	6976.637802672544	0	2
1545	9	6965.46225795242	0	2
1546	10	6948.802746198548	0	2
1547	11	6905.962836538496	0	1
1548	12	6878.026811402342	0	1
1549	13	6846.513755528207	-1	1
1550	14	6829.876213167872	-1	1
1551	15	6835.65131553293	-1	1
1552	16	6830.668063485461	-1	1
1553	17	6857.943751995881	-1	1
1554	18	6902.250664082841	0	1
1555	19	6924.791218536224	0	2
1556	20	6943.925618189449	0	2
1557	21	6948.216320349551	0	2
1558	22	6946.287164097566	0	2
1559	23	6939.232550789125	0	2
1560	24	6925.718255584046	0	2
1561	25	6924.142266414239	0	2
1562	26	6928.993434121358	0	2
1563	27	6923.864137473107	0	2
1564	28	6931.495794861973	0	2
1565	29	6940.776447163416	0	2
1566	30	6952.243786369735	0	2
1567	31	6961.745944577476	0	2
1568	32	6967.266189735425	0	2
1569	33	6976.452879829406	0	2
1570	34	6982.076838960633	0	2
1571	35	6985.034550772336	0	2
1572	36	6997.6460567202375	0	2
1573	37	6996.15280732362	0	2
1574	38	7010.26489093585	0	2
1575	39	7011.387884346113	0	2
1576	40	7011.157137482803	0	2
1577	41	7009.60337180782	0	2
1578	42	6997.2612094387	0	2
1579	43	6998.954481336339	0	2
1580	44	6997.584481659613	0	2
1581	45	7000.816912638185	0	2
1582	46	7007.895627051103	0	2
1583	47	7027.779407312667	0	2
1584	48	7029.639126402419	0	2
1585	1	7017.463249643776	0	2
1586	2	7022.506692675887	0	2
1587	3	7022.137703824627	0	2
1588	4	7016.571287559556	0	2
1589	5	7019.569965971136	0	2
1590	6	7013.295288610411	0	2
1591	7	7050.575829905464	0	2
1592	8	7078.436749900833	0	2
1593	9	7115.105993920466	0	2
1594	10	7132.651017588941	0	2
1595	11	7143.580234918246	0	2
1596	12	7160.260697429649	0	2
1597	13	7179.856378488869	0	2
1598	14	7207.630210538755	0	1
1599	15	7210.234915971794	0	1
1600	16	7214.468754258018	0	1
1601	17	7200.149346187236	0	1
1602	18	7169.358874071166	0	2
1603	19	7159.924780251043	0	2
1604	20	7157.435765189314	0	2
1605	21	7169.542016772933	0	2
1606	22	7172.487334014562	0	2
1607	23	7177.88851122237	0	2
1608	24	7189.7995738697155	0	1
1609	25	7194.997984008968	0	1
1610	26	7192.238876523214	0	1
1611	27	7198.427290708543	0	1
1612	28	7194.571185288133	0	1
1613	29	7181.808801926114	0	2
1614	30	7172.060060707459	0	2
1615	31	7180.252979737012	0	2
1616	32	7179.200443989147	0	2
1617	33	7175.84416740886	0	2
1618	34	7168.977321446745	0	2
1619	35	7176.256104045881	0	2
1620	36	7164.47445640228	0	2
1621	37	7165.8330535882515	0	2
1622	38	7155.52680332646	0	2
1623	39	7171.449654608378	0	2
1624	40	7181.946074615613	0	2
1625	41	7188.534069997284	0	1
1626	42	7193.305979174057	0	1
1627	43	7204.811878372824	0	1
1628	44	7201.246508894674	0	1
1629	45	7204.324343417339	0	1
1630	46	7194.571185288133	0	1
1631	47	7180.588559340532	0	2
1632	48	7178.117342827318	0	2
1633	1	7191.781529627088	0	1
1634	2	7200.4084038399	0	1
1635	3	7202.998798602386	0	1
1636	4	7222.675017912923	0	1
1637	5	7228.017208059273	0	1
1638	6	7216.2199045350135	0	1
1639	7	7194.479727251182	0	1
1640	8	7182.845950314933	0	2
1641	9	7205.253696820369	0	1
1642	10	7255.467083278314	1	1
1643	11	7309.923269012748	1	2
1644	12	7317.576248717829	1	2
1645	13	7334.387684092625	1	2
1646	14	7346.026515216317	1	2
1647	15	7361.877497335564	1	2
1648	16	7363.812665453133	1	2
1649	17	7351.366987764937	1	2
1650	18	7363.616133170309	1	2
1651	19	7362.346187417459	1	2
1652	20	7352.123317379465	1	2
1653	21	7345.194306291327	1	2
1654	22	7346.873820861187	1	2
1655	23	7358.021741779432	1	2
1656	24	7365.09763838512	1	2
1657	25	7348.7196167540205	1	2
1658	26	7349.2491180114985	1	2
1659	27	7358.339301661831	1	2
1660	28	7360.335281075408	1	2
1661	29	7376.794795667961	1	2
1662	30	7381.402333869124	1	2
1663	31	7374.4830888005345	1	2
1664	32	7376.945878674827	1	2
1665	33	7397.875384317852	1	2
1666	34	7432.967478545145	1	3
1667	35	7434.655000157209	1	3
1668	36	7447.066165400226	1	3
1669	37	7459.8612634010515	1	3
1670	38	7464.209823667739	1	3
1671	39	7472.212437695429	1	3
1672	40	7486.314911865543	1	3
1673	41	7495.646229403617	1	3
1674	42	7517.553379229891	1	3
1675	43	7539.842690537608	1	3
1676	44	7569.265984605467	1	3
1677	45	7592.234081636886	1	3
1678	46	7616.402518106906	1	3
1679	47	7636.648976679926	1	3
1680	48	7646.720317518736	1	3
1681	1	7640.543786711451	1	3
1682	2	7631.230885396795	1	3
1683	3	7632.499706752007	1	3
1684	4	7655.459920034054	1	3
1685	5	7669.024649248851	1	3
1686	6	7713.177829863402	1	3
1687	7	7724.060907040855	1	3
1688	8	7741.221926176124	1	3
1689	9	7710.649560117061	1	3
1690	10	7679.542634930166	1	3
1691	11	7687.911658184471	1	3
1692	12	7715.438151609489	1	3
1693	13	7726.453859634409	1	3
1694	14	7727.553637879089	1	3
1695	15	7722.767711430949	1	3
1696	16	7736.37957772094	1	3
1697	17	7751.9722593093675	1	3
1698	18	7743.702099643435	1	3
1699	19	7747.310471710103	1	3
1700	20	7784.384299768264	1	3
1701	21	7791.587059151632	1	3
1702	22	7806.355705771125	1	3
1703	23	7832.727978826817	1	3
1704	24	7846.020561714831	1	3
1705	25	7863.455890416266	1	3
1706	26	7871.902659024849	1	3
1707	27	7877.14335542259	1	3
1708	28	7889.745490449414	1	3
1709	29	7907.765649791001	1	3
1710	30	7924.460373626413	1	3
1711	31	7940.9071363869625	1	3
1712	32	7951.663878482086	1	3
1713	33	7940.65691812536	1	3
1714	34	7916.829207172233	1	3
1715	35	7943.7770870857	1	3
1716	36	7958.62137400532	1	3
1717	37	7981.4056836486725	1	3
1718	38	7997.913562623717	1	3
1719	39	7990.468890475425	1	3
1720	40	7981.963976870487	1	3
1721	41	7981.949285121023	1	3
1722	42	7964.870984122766	1	3
1723	43	7934.5919495207545	1	3
1724	44	7912.452631859442	1	3
1725	45	7894.775496208249	1	3
1726	46	7892.563023762244	1	3
1727	47	7884.861904208842	1	3
1728	48	7880.656144076192	1	3
1729	1	7878.67842383397	1	3
1730	2	7872.212706478339	1	3
1731	3	7865.567884124343	1	3
1732	4	7833.74849376621	1	3
1733	5	7806.400130069678	1	3
1734	6	7769.141038996031	1	3
1735	7	7742.053632512138	1	3
1736	8	7695.3844602920335	1	3
1737	9	7668.890534263817	1	3
1738	10	7654.8783840739015	1	3
1739	11	7590.4543748280685	1	3
1740	12	7529.96088364636	1	3
1741	13	7517.853525457861	1	3
1742	14	7510.9791106167495	1	3
1743	15	7490.627965496712	1	3
1744	16	7452.049653280402	1	3
1745	17	7421.407314551003	1	2
1746	18	7388.304179457229	1	2
1747	19	7368.5439967387465	1	2
1748	20	7313.636455439395	1	2
1749	21	7283.532784626838	1	1
1750	22	7256.591665620553	1	1
1751	23	7207.691143133564	0	1
1752	24	7174.165820341288	0	2
1753	25	7152.059666668614	0	2
1754	26	7128.828211607732	0	2
1755	27	7111.739022532008	0	2
1756	28	7086.131529045201	0	2
1757	29	7051.880762955972	0	2
1758	30	7027.3490342275345	0	2
1759	31	7000.816912638185	0	2
1760	32	6977.02305301274	0	2
1761	33	6957.64330451349	0	2
1762	34	6943.230991658292	0	2
1763	35	6906.194823818018	0	1
1764	36	6878.305596267902	0	1
1765	37	6838.56925748242	-1	1
1766	38	6808.375116785988	-1	2
1767	39	6783.177014201796	-1	2
1768	40	6766.281933251957	-1	2
1769	41	6750.057923359719	-1	2
1770	42	6742.32288644473	-1	2
1771	43	6726.6872533914	-1	2
1772	44	6705.257048697988	-1	2
1773	45	6697.237912377577	-1	2
1774	46	6660.741403901436	-1	3
1775	47	6640.271108410824	-1	3
1776	48	6624.707495647538	-1	3
1777	1	6601.997758816138	-1	3
1778	2	6576.931502231729	-1	3
1779	3	6550.539170924704	-1	3
1780	4	6543.273093595595	-1	3
1781	5	6539.914915595539	-1	3
1782	6	6521.946940843073	-1	3
1783	7	6515.048510070044	-1	3
1784	8	6527.564802903875	-1	3
1785	9	6526.9336679755415	-1	3
1786	10	6510.911366494446	-1	3
1787	11	6513.169541295084	-1	3
1788	12	6510.532344903045	-1	3
1789	13	6493.26276416895	-1	3
1790	14	6480.422478308	-1	3
1791	15	6470.881302335887	-1	3
1792	16	6473.524216842098	-1	3
1793	17	6494.211196363073	-1	3
1794	18	6503.9297964490925	-1	3
1795	19	6503.740214510368	-1	3
1796	20	6510.990328341077	-1	3
1797	21	6504.482732576812	-1	3
1798	22	6488.614735978728	-1	3
1799	23	6480.169377139482	-1	3
1800	24	6467.921416704521	-1	3
1801	25	6458.294508844426	-1	3
1802	26	6451.1502079221	-1	3
1803	27	6436.361618259793	-1	3
1804	28	6440.832750950624	-1	3
1805	29	6441.482717588198	-1	3
1806	30	6444.256703981346	-1	3
1807	31	6447.648317618172	-1	3
1808	32	6442.386291099953	-1	3
1809	33	6445.2076875430985	-1	3
1810	34	6445.492972907814	-1	3
1811	35	6432.920315749874	-1	3
1812	36	6439.944954055102	-1	3
1813	37	6436.472617152837	-1	3
1814	38	6445.683160663126	-1	3
1815	39	6450.294604668463	-1	3
1816	40	6463.5202707615745	-1	3
1817	41	6468.633732531103	-1	3
1818	42	6477.717278040754	-1	3
1819	43	6489.784759009144	-1	3
1820	44	6500.78564266339	-1	3
1821	45	6487.586951317586	-1	3
1822	46	6481.608843308013	-1	3
1823	47	6465.26185841761	-1	3
1824	48	6454.8890388971395	-1	3
1825	1	6459.529824231926	-1	3
1826	2	6467.873927993556	-1	3
1827	3	6478.35010931861	-1	3
1828	4	6476.309149774841	-1	3
1829	5	6484.677216957854	-1	3
1830	6	6483.380338355289	-1	3
1831	7	6475.581310579112	-1	3
1832	8	6457.930233181113	-1	3
1833	9	6440.166907348008	-1	3
1834	10	6419.989771449548	-1	3
1835	11	6409.940408678578	-1	3
1836	12	6415.354740129438	-1	3
1837	13	6427.035285651599	-1	3
1838	14	6425.242430502104	-1	3
1839	15	6419.878671571296	-1	3
1840	16	6408.2411492569945	-1	3
1841	17	6377.674806836239	-1	3
1842	18	6393.989663181206	-1	3
1843	19	6407.129397744319	-1	3
1844	20	6405.826973239256	-1	3
1845	21	6421.513358134593	-1	3
1846	22	6444.621253562188	-1	3
1847	23	6463.884434667561	-1	3
1848	24	6500.264198198263	-1	3
1849	25	6511.93784401299	-1	3
1850	26	6518.790085597064	-1	3
1851	27	6519.737199088406	-1	3
1852	28	6509.932211378622	-1	3
1853	29	6507.910564601583	-1	3
1854	30	6513.501137987762	-1	3
1855	31	6509.411026873166	-1	3
1856	32	6516.501026483592	-1	3
1857	33	6510.800819338613	-1	3
1858	34	6513.437977174536	-1	3
1859	35	6518.427012486219	-1	3
1860	36	6525.623993942728	-1	3
1861	37	6524.882329958221	-1	3
1862	38	6517.022009826175	-1	3
1863	39	6523.540946816729	-1	3
1864	40	6534.111551466183	-1	3
1865	41	6538.748081510301	-1	3
1866	42	6537.18693122922	-1	3
1867	43	6558.747502635933	-1	3
1868	44	6578.977069343855	-1	3
1869	45	6599.436072642096	-1	3
1870	46	6610.607470400632	-1	3
1871	47	6616.732398298059	-1	3
1872	48	6611.5341912251515	-1	3
1873	1	6615.319131923194	-1	3
1874	2	6635.83240588088	-1	3
1875	3	6661.101706761386	-1	3
1876	4	6699.098405111009	-1	2
1877	5	6725.656909125798	-1	2
1878	6	6762.355773932251	-1	2
1879	7	6797.2267100643485	-1	2
1880	8	6836.986173571853	-1	1
1881	9	6894.205193439886	0	1
1882	10	6928.529998814345	0	2
1883	11	6972.954428483621	0	2
1884	12	7013.110709142085	0	2
1885	13	6998.631231559023	0	2
1886	14	7011.264819687513	0	2
1887	15	7057.007553155353	0	2
1888	16	7106.212903237251	0	2
1889	17	7146.773809089898	0	2
1890	18	7150.104366421695	0	2
1891	19	7166.657326455413	0	2
1892	20	7213.555050792637	0	1
1893	21	7226.93670710192	0	1
1894	22	7236.461404763369	0	1
1895	23	7243.366312108664	1	1
1896	24	7242.45390319273	1	1
1897	25	7252.199364867984	1	1
1898	26	7261.605942858223	1	1
1899	27	7275.806399696844	1	1
1900	28	7301.797392695259	1	2
1901	29	7316.758045866671	1	2
1902	30	7320.288207665014	1	2
1903	31	7339.488991836056	1	2
1904	32	7347.766480391423	1	2
1905	33	7366.276720065484	1	2
1906	34	7372.65469417432	1	2
1907	35	7381.44764885066	1	2
1908	36	7368.936966202036	1	2
1909	37	7380.994494595364	1	2
1910	38	7393.1205242438	1	2
1911	39	7418.0149207792665	1	2
1912	40	7422.537990262762	1	2
1913	41	7423.638455964005	1	2
1914	42	7433.329101756548	1	3
1915	43	7417.3816130072255	1	2
1916	44	7406.914177420666	1	2
1917	45	7399.128071787215	1	2
1918	46	7421.995273544834	1	2
1919	47	7438.120020503667	1	3
1920	48	7486.705677758108	1	3
1921	1	7533.890164601776	1	3
1922	2	7550.828746118457	1	3
1923	3	7567.005247567651	1	3
1924	4	7566.615957415258	1	3
1925	5	7559.532630521749	1	3
1926	6	7557.195964262468	1	3
1927	7	7560.835660063396	1	3
1928	8	7565.298307266774	1	3
1929	9	7547.517040113151	1	3
1930	10	7598.6188710211845	1	3
1931	11	7595.3893325547915	1	3
1932	12	7595.4940011582785	1	3
1933	13	7627.423972315849	1	3
1934	14	7631.51451078038	1	3
1935	15	7632.619121380852	1	3
1936	16	7653.86438646085	1	3
1937	17	7661.065719832558	1	3
1938	18	7667.176769560522	1	3
1939	19	7653.491581243347	1	3
1940	20	7621.83928049844	1	3
1941	21	7632.574340972678	1	3
1942	22	7634.61921793199	1	3
1943	23	7637.335469425255	1	3
1944	24	7619.8081236685675	1	3
1945	25	7612.249338378816	1	3
1946	26	7620.480218873481	1	3
1947	27	7615.879679967813	1	3
1948	28	7609.111511477787	1	3
1949	29	7602.983954920521	1	3
1950	30	7603.626683287521	1	3
1951	31	7599.964368379474	1	3
1952	32	7607.4677047122295	1	3
1953	33	7604.897136166487	1	3
1954	34	7601.160295114144	1	3
1955	35	7604.508535041636	1	3
1956	36	7608.722986699878	1	3
1957	37	7609.066682054791	1	3
1958	38	7613.160716406859	1	3
1959	39	7593.894010932924	1	3
1960	40	7575.867164150596	1	3
1961	41	7579.713169369843	1	3
1962	42	7554.9639091471145	1	3
1963	43	7554.184881840767	1	3
1964	44	7556.327138388455	1	3
1965	45	7561.165149170612	1	3
1966	46	7554.514473793488	1	3
1967	47	7564.639451670993	1	3
1968	48	7542.765864995129	1	3
1969	1	7507.195729773665	1	3
1970	2	7490.222245374874	1	3
1971	3	7487.126494476311	1	3
1972	4	7480.512690059751	1	3
1973	5	7480.617925905964	1	3
1974	6	7479.565543815553	1	3
1975	7	7467.354070466056	1	3
1976	8	7485.668629321926	1	3
1977	9	7514.146421604432	1	3
1978	10	7492.235742680345	1	3
1979	11	7514.881890532775	1	3
1980	12	7514.416596830286	1	3
1981	13	7526.735930438515	1	3
1982	14	7526.075879610964	1	3
1983	15	7519.564277817295	1	3
1984	16	7508.997424012153	1	3
1985	17	7521.169858410336	1	3
1986	18	7543.2455270418795	1	3
1987	19	7565.298307266774	1	3
1988	20	7581.374070456377	1	3
1989	21	7585.054526584272	1	3
1990	22	7595.299616201791	1	3
1991	23	7595.31456895339	1	3
1992	24	7612.353924708165	1	3
1993	25	7624.243563635663	1	3
1994	26	7636.60420465372	1	3
1995	27	7672.839127265368	1	3
1996	28	7710.1736176394215	1	3
1997	29	7748.334962533453	1	3
1998	30	7780.604128671953	1	3
1999	31	7802.075744544355	1	3
2000	32	7813.6845026102055	1	3
2001	33	7852.242707567875	1	3
2002	34	7884.493009719405	1	3
2003	35	7911.907341803783	1	3
2004	36	7951.178391263327	1	3
2005	37	7970.266307290243	1	3
2006	38	7974.6903877174855	1	3
2007	39	7993.44999124999	1	3
2008	40	8015.700344672854	1	3
2009	41	8025.937537175721	1	3
2010	42	8070.806329700158	1	3
2011	43	8111.277804310487	1	3
2012	44	8148.367317134821	1	3
2013	45	8174.37159299692	1	3
2014	46	8187.522890575934	1	3
2015	47	8203.387685376614	1	3
2016	48	8222.87629779794	1	3
2017	1	8253.907916319658	1	3
2018	2	8305.28932132251	1	3
2019	3	8331.089706238401	1	3
2020	4	8355.604207807348	1	3
2021	5	8384.886924785846	1	3
2022	6	8400.387591786146	1	3
2023	7	8427.539825879105	1	3
2024	8	8417.161333751123	1	3
2025	9	8398.872611046714	1	3
2026	10	8400.214456034628	1	3
2027	11	8392.306574152486	1	3
2028	12	8405.53780173538	1	3
2029	13	8395.856789467527	1	3
2030	14	8410.816687368619	1	3
2031	15	8428.77917600929	1	3
2032	16	8448.931167385439	1	3
2033	17	8458.058051460292	1	3
2034	18	8455.798249512529	1	3
2035	19	8454.243611721658	1	3
2036	20	8449.219135106896	1	3
2037	21	8453.495046254826	1	3
2038	22	8466.361344846206	1	3
2039	23	8487.761033178218	1	3
2040	24	8503.352915782398	1	3
2041	25	8515.417090154002	1	3
2042	26	8515.345297530814	1	3
2043	27	8497.103010964061	1	3
2044	28	8467.41164233582	1	3
2045	29	8448.182435018753	1	3
2046	30	8423.100692667784	1	3
2047	31	8406.143635205643	1	3
2048	32	8396.217553902645	1	3
2049	33	8365.807443498752	1	3
2050	34	8350.92022372604	1	3
2051	35	8330.366176374844	1	3
2052	36	8291.276874938185	1	3
2053	37	8287.420892661483	1	3
2054	38	8282.824774371393	1	3
2055	39	8267.115748376207	1	3
2056	40	8274.297086439368	1	3
2057	41	8268.958444015985	1	3
2058	42	8242.798827352985	1	3
2059	43	8210.34147542758	1	3
2060	44	8171.749175069451	1	3
2061	45	8158.472244879061	1	3
2062	46	8149.913236008682	1	3
2063	47	8128.6258258964635	1	3
2064	48	8110.006851479914	1	3
2065	1	8072.591630196228	1	3
2066	2	8021.127513804262	1	3
2067	3	7969.369626725896	1	3
2068	4	7921.779450080342	1	3
2069	5	7892.415517778952	1	3
2070	6	7864.770371675241	1	3
2071	7	7828.2016484921205	1	3
2072	8	7808.132607788982	1	3
2073	9	7804.252853065699	1	3
2074	10	7786.577982867817	1	3
2075	11	7783.242904963213	1	3
2076	12	7775.414597728964	1	3
2077	13	7765.387909923645	1	3
2078	14	7761.263176345744	1	3
2079	15	7753.6793531555695	1	3
2080	16	7722.752846667167	1	3
2081	17	7702.348819076619	1	3
2082	18	7681.4341382603125	1	3
2083	19	7675.029168116808	1	3
2084	20	7664.702747854169	1	3
2085	21	7649.285892211016	1	3
2086	22	7618.448933559547	1	3
2087	23	7595.538858974604	1	3
2088	24	7565.477991624795	1	3
2089	25	7566.316498618421	1	3
2090	26	7556.177337243277	1	3
2091	27	7546.123272211018	1	3
2092	28	7543.905044694627	1	3
2093	29	7530.770794927327	1	3
2094	30	7525.385804521707	1	3
2095	31	7518.138660438107	1	3
2096	32	7513.98131282598	1	3
2097	33	7505.28876966144	1	3
2098	34	7484.631529931014	1	3
2099	35	7472.272596210301	1	3
2100	36	7469.204292898989	1	3
2101	37	7460.372905379355	1	3
2102	38	7452.92277114259	1	3
2103	39	7437.833801386836	1	3
2104	40	7406.159836862966	1	2
2105	41	7389.330954464766	1	2
2106	42	7395.883003491721	1	2
2107	43	7379.846459652884	1	2
2108	44	7368.5288823801975	1	2
2109	45	7342.425079456239	1	2
2110	46	7324.665981718671	1	2
2111	47	7313.484909898958	1	2
2112	48	7305.254313925566	1	2
2113	1	7301.8883717419485	1	2
2114	2	7293.36492183257	1	2
2115	3	7314.091085378987	1	2
2116	4	7355.7381918546525	1	2
2117	5	7363.162590033	1	2
2118	6	7364.266194391047	1	2
2119	7	7362.633443850352	1	2
2120	8	7355.405468234078	1	2
2121	9	7347.342850155503	1	2
2122	10	7356.479238918381	1	2
2123	11	7338.732200710402	1	2
2124	12	7309.286655606816	1	2
2125	13	7273.058201955747	1	1
2126	14	7223.984060173708	0	1
2127	15	7176.637519380783	0	2
2128	16	7144.986081136818	0	2
2129	17	7126.2894667643595	0	2
2130	18	7100.914970347213	0	2
2131	19	7081.518083139196	0	2
2132	20	7075.508275969768	0	2
2133	21	7064.817996708061	0	2
2134	22	7059.478378430156	0	2
2135	23	7041.13170179779	0	2
2136	24	7028.824560179991	0	2
2137	25	6997.784599904074	0	2
2138	26	6977.531571910501	0	2
2139	27	6962.208594534145	0	2
2140	28	6950.731654787835	0	2
2141	29	6944.018233198321	0	2
2142	30	6937.904702469222	0	2
2143	31	6929.364174452352	0	2
2144	32	6911.359691654812	0	2
2145	33	6898.197400598543	0	1
2146	34	6896.046662145604	0	1
2147	35	6886.078983130828	0	1
2148	36	6881.155167316894	0	1
2149	37	6863.043971056866	0	1
2150	38	6877.46922964838	0	1
2151	39	6885.893201434017	0	1
2152	40	6899.976608775783	0	1
2153	41	6904.462585399916	0	1
2154	42	6888.463023818363	0	1
2155	43	6920.078099441638	0	2
2156	44	6939.263429910398	0	2
2157	45	6953.786657553878	0	2
2158	46	6960.620117464627	0	2
2159	47	6963.565638180503	0	2
2160	48	6955.082575532918	0	2
2161	1	6947.012549136173	0	2
2162	2	6929.889377879711	0	2
2163	3	6894.313519956842	0	1
2164	4	6879.807867956481	0	1
2165	5	6879.219363012455	0	1
2166	6	6868.204830437454	0	1
2167	7	6878.398523665901	0	1
2168	8	6875.548547543161	0	1
2169	9	6883.183682988827	0	1
2170	10	6862.702964918496	0	1
2171	11	6844.807205629378	-1	1
2172	12	6853.260907559707	-1	1
2173	13	6862.811467523445	0	1
2174	14	6866.221239454964	0	1
2175	15	6885.242951495687	0	1
2176	16	6924.621256969989	0	2
2177	17	6954.1415007533005	0	2
2178	18	6983.786820276671	0	2
2179	19	7014.156636684523	0	2
2180	20	7041.715371590527	0	2
2181	21	7044.879177712603	0	2
2182	22	7063.651995361853	0	2
2183	23	7090.468116454455	0	2
2184	24	7116.666852573121	0	2
2185	25	7130.9537814443265	0	2
2186	26	7145.352807494727	0	2
2187	27	7165.802524317796	0	2
2188	28	7177.629165609069	0	2
2189	29	7192.635235490535	0	1
2190	30	7202.8769050808705	0	1
2191	31	7209.458108926874	0	1
2192	32	7224.440683031263	0	1
2193	33	7230.330200648663	0	1
2194	34	7247.730104483659	1	1
2195	35	7283.107833129377	1	1
2196	36	7302.343260945318	1	2
2197	37	7331.162766330824	1	2
2198	38	7317.682309674811	1	2
2199	39	7319.212557094617	1	2
2200	40	7328.482522304356	1	2
2201	41	7339.443585148967	1	2
2202	42	7366.337183988403	1	2
2203	43	7358.687099765937	1	2
2204	44	7360.093354401336	1	2
2205	45	7364.235959436698	1	2
2206	46	7378.335790855083	1	2
2207	47	7405.420556679311	1	2
2208	48	7445.997045676617	1	3
2209	1	7483.609411101944	1	3
2210	2	7533.875168728061	1	3
2211	3	7575.627701242523	1	3
2212	4	7580.087257451694	1	3
2213	5	7586.281204548582	1	3
2214	6	7628.170478962565	1	3
2215	7	7645.019710250831	1	3
2216	8	7681.538389545928	1	3
2217	9	7713.906511870536	1	3
2218	10	7751.6605147334785	1	3
2219	11	7800.416850575787	1	3
2220	12	7818.1398115488355	1	3
2221	13	7858.729021662694	1	3
2222	14	7894.790245286653	1	3
2223	15	7902.635370319805	1	3
2224	16	7883.755202376575	1	3
2225	17	7869.348293747769	1	3
2226	18	7882.7665021433495	1	3
2227	19	7886.130854513257	1	3
2228	20	7887.517763880629	1	3
2229	21	7908.576361793855	1	3
2230	22	7916.519780546352	1	3
2231	23	7923.061030593311	1	3
2232	24	7944.409898523554	1	3
2233	25	7960.356734354507	1	3
2234	26	7984.050107938036	1	3
2235	27	7997.4731179022065	1	3
2236	28	8006.85273191279	1	3
2237	29	8007.527796306348	1	3
2238	30	8007.469095855957	1	3
2239	31	8031.274293434004	1	3
2240	32	8053.92685215291	1	3
2241	33	8075.678991585819	1	3
2242	34	8079.629033193068	1	3
2243	35	8080.9894445017735	1	3
2244	36	8089.428031653469	1	3
2245	37	8091.972157544732	1	3
2246	38	8100.830520749814	1	3
2247	39	8105.15612930199	1	3
2248	40	8085.859928791479	1	3
2249	41	8089.47189829686	1	3
2250	42	8084.77768888171	1	3
2251	43	8080.4774712836	1	3
2252	44	8076.834815399799	1	3
2253	45	8081.545288114337	1	3
2254	46	8071.991667783623	1	3
2255	47	8053.487496270637	1	3
2256	48	8030.336053806729	1	3
2257	1	8016.917904072568	1	3
2258	2	8040.551977512685	1	3
2259	3	8057.704961948512	1	3
2260	4	8064.644503653418	1	3
2261	5	8061.848445276949	1	3
2262	6	8043.804863204697	1	3
2263	7	8042.090562686099	1	3
2264	8	8044.141847212414	1	3
2265	9	8025.981526573265	1	3
2266	10	8015.832372356402	1	3
2267	11	8010.932161377086	1	3
2268	12	8033.092022104655	1	3
2269	13	8039.086561220907	1	3
2270	14	8050.7779471254225	1	3
2271	15	8057.690319325026	1	3
2272	16	8075.913087222413	1	3
2273	17	8076.703142229916	1	3
2274	18	8068.815993554005	1	3
2275	19	8056.152791339299	1	3
2276	20	8035.276035399624	1	3
2277	21	8020.438188864473	1	3
2278	22	8003.711949518531	1	3
2279	23	8008.041418737635	1	3
2280	24	7990.380773121525	1	3
2281	25	7996.283874181413	1	3
2282	26	7989.690508592307	1	3
2283	27	7973.499940063622	1	3
2284	28	7967.98778661924	1	3
2285	29	7963.665312430052	1	3
2286	30	7961.56258372401	1	3
2287	31	7942.040442912464	1	3
2288	32	7925.712343113885	1	3
2289	33	7925.785986193605	1	3
2290	34	7922.6043838995065	1	3
2291	35	7902.944989632165	1	3
2292	36	7884.020815840863	1	3
2293	37	7869.126803137187	1	3
2294	38	7862.879857218685	1	3
2295	39	7852.28703962388	1	3
2296	40	7849.981654991359	1	3
2297	41	7834.976007243532	1	3
2298	42	7803.94185075084	1	3
2299	43	7793.780022985654	1	3
2300	44	7776.6157126806675	1	3
2301	45	7760.268969624206	1	3
2302	46	7750.947939005823	1	3
2303	47	7729.41124533762	1	3
2304	48	7712.077325043515	1	3
2305	1	7685.708029640122	1	3
2306	2	7633.246037312336	1	3
2307	3	7596.675225652237	1	3
2308	4	7595.643526847344	1	3
2309	5	7594.417385377831	1	3
2310	6	7600.35305188845	1	3
2311	7	7589.467246746653	1	3
2312	8	7545.239006531486	1	3
2313	9	7509.29769147949	1	3
2314	10	7505.574073836526	1	3
2315	11	7472.768897404218	1	3
2316	12	7431.716816833805	1	3
2317	13	7377.172501127615	1	2
2318	14	7332.994823574828	1	2
2319	15	7298.309559411619	1	2
2320	16	7271.995264295145	1	1
2321	17	7246.681054830705	1	1
2322	18	7217.148714381253	0	1
2323	19	7180.19196466605	0	2
2324	20	7157.60374518887	0	2
2325	21	7136.12149609768	0	2
2326	22	7126.840065169585	0	2
2327	23	7095.738179087462	0	2
2328	24	7058.419490872951	0	2
2329	25	7029.992606989276	0	2
2330	26	7011.818604618766	0	2
2331	27	6997.969322636014	0	2
2332	28	6978.733473425394	0	2
2333	29	6972.38413732923	0	2
2334	30	6968.160385108004	0	2
2335	31	6958.352844965613	0	2
2336	32	6945.500013769402	0	2
2337	33	6923.076083954887	0	2
2338	34	6917.65155822133	0	2
2339	35	6910.292810209647	0	2
2340	36	6911.205074774674	0	2
2341	37	6918.578934447062	0	2
2342	38	6909.241333659203	0	2
2343	39	6929.425963823591	0	2
2344	40	6936.545880651941	0	2
2345	41	6934.167715284071	0	2
2346	42	6959.124055485603	0	2
2347	43	6959.016087837526	0	2
2348	44	6965.69354051649	0	2
2349	45	6976.113850101958	0	2
2350	46	6981.876561163037	0	2
2351	47	7003.41786561097	0	2
2352	48	7012.033961236358	0	2
2353	1	7021.999331232619	0	2
2354	2	7031.344996261918	0	2
2355	3	7039.641730042287	0	2
2356	4	7002.556049327323	0	2
2357	5	6973.077732504242	0	2
2358	6	6947.105149548029	0	2
2359	7	6944.110847769129	0	2
2360	8	6956.316703522089	0	2
2361	9	6981.183276129807	0	2
2362	10	6952.197498358188	0	2
2363	11	6946.518672879575	0	2
2364	12	6928.066552513658	0	2
2365	13	6935.789223040882	0	2
2366	14	6965.261810860514	0	2
2367	15	6977.870577207203	0	2
2368	16	6989.424085488487	0	2
2369	17	6990.5328658742055	0	2
2370	18	6993.935816233647	0	2
2371	19	7035.140414351159	0	2
2372	20	7067.318532636137	0	2
2373	21	7077.348205062798	0	2
2374	22	7081.104200354029	0	2
2375	23	7111.448212121374	0	2
2376	24	7144.023392684829	0	2
2377	25	7163.604295599816	0	2
2378	26	7165.375109687831	0	2
2379	27	7190.028270960418	0	1
2380	28	7196.35453460767	0	1
2381	29	7201.703642526115	0	1
2382	30	7211.118307522321	0	1
2383	31	7226.069221209814	0	1
2384	32	7238.423609381283	1	1
2385	33	7241.799985059487	1	1
2386	34	7233.1754302655045	0	1
2387	35	7247.304409667936	1	1
2388	36	7256.865203330946	1	1
2389	37	7235.974627122082	0	1
2390	38	7245.0237507000475	1	1
2391	39	7226.13009861769	0	1
2392	40	7217.346651983304	0	1
2393	41	7215.169232456071	0	1
2394	42	7195.058954521844	0	1
2395	43	7191.690059010132	0	1
2396	44	7181.656275624181	0	2
2397	45	7174.181078669052	0	2
2398	46	7159.314007424425	0	2
2399	47	7152.288791005864	0	2
2400	48	7163.100501159647	0	2
2401	1	7172.6246699462	0	2
2402	2	7168.198931760119	0	2
2403	3	7158.153488139838	0	2
2404	4	7156.779102684181	0	2
2405	5	7170.6255771453425	0	2
2406	6	7182.388391396659	0	2
2407	7	7206.822836409828	0	1
2408	8	7210.661385650292	0	1
2409	9	7204.263400725196	0	1
2410	10	7208.69650457514	0	1
2411	11	7223.025118852286	0	1
2412	12	7252.3209637426025	1	1
2413	13	7260.299310157129	1	1
2414	14	7245.145392272011	1	1
2415	15	7248.596670103661	1	1
2416	16	7230.862760456689	0	1
2417	17	7225.171258314576	0	1
2418	18	7216.265584699027	0	1
2419	19	7181.259701862445	0	2
2420	20	7167.038922878349	0	2
2421	21	7167.237350170681	0	2
2422	22	7164.96295130271	0	2
2423	23	7139.82064230371	0	2
2424	24	7132.513409183572	0	2
2425	25	7107.116168170191	0	2
2426	26	7094.681213890328	0	2
2427	27	7068.867787032143	0	2
2428	28	7063.974186768736	0	2
2429	29	7048.242089000112	0	2
2430	30	7034.72556594895	0	2
2431	31	7018.924135167528	0	2
2432	32	7013.033800521804	0	2
2433	33	7018.032238933072	0	2
2434	34	7016.832728887888	0	2
2435	35	6994.274539334006	0	2
2436	36	6981.84574901333	0	2
2437	37	7001.386381343843	0	2
2438	38	7005.541466648199	0	2
2439	39	7014.94104604367	0	2
2440	40	7026.1654600415095	0	2
2441	41	7036.676814353629	0	2
2442	42	7046.01556757328	0	2
2443	43	7041.162421688351	0	2
2444	44	7042.775149197374	0	2
2445	45	7063.207055802899	0	2
2446	46	7075.247605626743	0	2
2447	47	7078.191449203993	0	2
2448	48	7073.070108518884	0	2
2449	1	7065.539042334979	0	2
2450	2	7053.983827764781	0	2
2451	3	7048.318861151741	0	2
2452	4	7046.000211386803	0	2
2453	5	7041.2545810747915	0	2
2454	6	7035.80108093369	0	2
2455	7	7003.925704023351	0	2
2456	8	7002.2020781706915	0	2
2457	9	6993.304544021679	0	2
2458	10	6995.567792210077	0	2
2459	11	6989.839885442789	0	2
2460	12	6983.370892543073	0	2
2461	13	7000.7091734675	0	2
2462	14	7020.815437302287	0	2
2463	15	7056.531768966577	0	2
2464	16	7081.196175047683	0	2
2465	17	7127.55887927299	0	2
2466	18	7165.863582812576	0	2
2467	19	7231.167074101519	0	1
2468	20	7262.319997586908	1	1
2469	21	7301.433472488214	1	2
2470	22	7329.845401684565	1	2
2471	23	7373.621798966631	1	2
2472	24	7395.324498953626	1	2
2473	25	7420.035345982927	1	2
2474	26	7432.816800365563	1	3
2475	27	7443.873702821252	1	3
2476	28	7457.829620955166	1	3
2477	29	7480.527723784213	1	3
2478	30	7481.279396346214	1	3
2479	31	7490.537806143151	1	3
2480	32	7491.739899216058	1	3
2481	33	7484.992265934065	1	3
2482	34	7490.237272185022	1	3
2483	35	7505.8894055553465	1	3
2484	36	7508.276764716138	1	3
2485	37	7499.551837745778	1	3
2486	38	7492.2207172918115	1	3
2487	39	7478.919054494191	1	3
2488	40	7472.648583036733	1	3
2489	41	7467.323984205208	1	3
2490	42	7461.682050255921	1	3
2491	43	7480.452555054767	1	3
2492	44	7504.958412653403	1	3
2493	45	7490.507752939788	1	3
2494	46	7483.173492424157	1	3
2495	47	7479.3851301845625	1	3
2496	48	7488.088329764325	1	3
2497	1	7495.420883827821	1	3
2498	2	7505.4539462315915	1	3
2499	3	7495.480976216288	1	3
2500	4	7479.054367852529	1	3
2501	5	7453.660376930579	1	3
2502	6	7446.117512592232	1	3
2503	7	7427.346448763244	1	3
2504	8	7399.339361055302	1	2
2505	9	7384.362705372076	1	2
2506	10	7375.359452364765	1	2
2507	11	7359.488525377282	1	2
2508	12	7370.025150546592	1	2
2509	13	7368.800939151971	1	2
2510	14	7356.615346725704	1	2
2511	15	7316.33377976155	1	2
2512	16	7295.336852299845	1	2
2513	17	7253.308927796674	1	1
2514	18	7246.817890448318	1	1
2515	19	7211.91028111178	0	1
2516	20	7193.397442503227	0	1
2517	21	7180.847867042906	0	2
2518	22	7169.78620446108	0	2
2519	23	7146.376549918314	0	2
2520	24	7120.124793253676	0	2
2521	25	7095.385863559534	0	2
2522	26	7083.510732031827	0	2
2523	27	7085.549159420146	0	2
2524	28	7078.8660188662125	0	2
2525	29	7069.55801011421	0	2
2526	30	7077.946145492226	0	2
2527	31	7076.336265057419	0	2
2528	32	7067.870755936868	0	2
2529	33	7065.477677765703	0	2
2530	34	7055.933185601065	0	2
2531	35	7046.261264942728	0	2
2532	36	7045.72379800057	0	2
2533	37	7043.804154494346	0	2
2534	38	7031.790649790183	0	2
2535	39	7044.065236910955	0	2
2536	40	7034.433630390845	0	2
2537	41	7044.218813199987	0	2
2538	42	7053.36981723065	0	2
2539	43	7048.564530044104	0	2
2540	44	7046.169128785242	0	2
2541	45	7067.533287960302	0	2
2542	46	7081.931957345793	0	2
2543	47	7103.747854447049	0	2
2544	48	7109.029730577725	0	2
2545	1	7130.923199299036	0	2
2546	2	7140.7835316675455	0	2
2547	3	7153.60238696526	0	2
2548	4	7172.884079717141	0	2
2549	5	7186.094321467774	0	2
2550	6	7199.417871441444	0	1
2551	7	7220.087128641509	0	1
2552	8	7238.651760465544	1	1
2553	9	7245.571132070259	1	1
2554	10	7266.178500892446	1	1
2555	11	7276.398504592534	1	1
2556	12	7255.43668830303	1	1
2557	13	7254.084066181175	1	1
2558	14	7245.038955936159	1	1
2559	15	7249.265572824456	1	1
2560	16	7258.339204718925	1	1
2561	17	7268.912433419125	1	1
2562	18	7269.2617429651	1	1
2563	19	7265.479770721263	1	1
2564	20	7273.270782876645	1	1
2565	21	7265.935467014017	1	1
2566	22	7258.5671336002315	1	1
2567	23	7246.8026865360525	1	1
2568	24	7248.429441002999	1	1
2569	25	7251.013737943176	1	1
2570	26	7265.540530812609	1	1
2571	27	7274.2729203974	1	1
2572	28	7273.90851241887	1	1
2573	29	7283.365840444368	1	1
2574	30	7272.314151378582	1	1
2575	31	7265.297489365973	1	1
2576	32	7264.917731333074	1	1
2577	33	7275.366105491132	1	1
2578	34	7283.396194033022	1	1
2579	35	7295.170003966206	1	2
2580	36	7288.859109496525	1	2
2581	37	7278.113994103234	1	1
2582	38	7281.043657898346	1	1
2583	39	7270.142584083927	1	1
2584	40	7271.858596884109	1	1
2585	41	7261.894606278881	1	1
2586	42	7256.956381755164	1	1
2587	43	7242.408281676872	1	1
2588	44	7223.573090849887	0	1
2589	45	7204.933760283568	0	1
2590	46	7215.595598681656	0	1
2591	47	7208.848827728304	0	1
2592	48	7202.739773994714	0	1
2593	1	7182.403643527146	0	2
2594	2	7192.467546103578	0	1
2595	3	7225.247358399912	0	1
2596	4	7242.727630147645	1	1
2597	5	7254.448827021493	1	1
2598	6	7254.342439114982	1	1
2599	7	7280.315075913759	1	1
2600	8	7311.272218162315	1	2
2601	9	7326.846948387045	1	2
2602	10	7325.559600074693	1	2
2603	11	7324.332758197811	1	2
2604	12	7322.015191335675	1	2
2605	13	7308.074004239733	1	2
2606	14	7343.3935943405895	1	2
2607	15	7343.287665231656	1	2
2608	16	7342.455346232153	1	2
2609	17	7355.193732241833	1	2
2610	18	7334.115175286335	1	2
2611	19	7316.318627239278	1	2
2612	20	7279.950775224484	1	1
2613	21	7246.3313596447015	1	1
2614	22	7222.827236452133	0	1
2615	23	7215.65650741306	0	1
2616	24	7201.246508894674	0	1
2617	25	7188.412089545821	0	1
2618	26	7163.16156782165	0	2
2619	27	7139.377392038344	0	2
2620	28	7130.556209927487	0	2
2621	29	7107.177404997035	0	2
2622	30	7097.897890882894	0	2
2623	31	7093.118641294869	0	2
2624	32	7088.767305623214	0	2
2625	33	7089.012476471183	0	2
2626	34	7081.364794219049	0	2
2627	35	7064.526502770187	0	2
2628	36	7073.131449719491	0	2
2629	37	7095.339908902845	0	2
2630	38	7102.691312099124	0	2
2631	39	7106.641576417307	0	2
2632	40	7108.968499410078	0	2
2633	41	7107.912232324461	0	2
2634	42	7101.267188563994	0	2
2635	43	7114.386733867845	0	2
2636	44	7111.295152316489	0	2
2637	45	7119.742306993237	0	2
2638	46	7101.435638564504	0	2
2639	47	7086.085553112992	0	2
2640	48	7072.702057353189	0	2
2641	1	7073.9748720973275	0	2
2642	2	7055.825745654841	0	2
2643	3	7034.78702551895	0	2
2644	4	7053.139558393208	0	2
2645	5	7077.271544737699	0	2
2646	6	7109.305268517591	0	2
2647	7	7093.62419284527	0	2
2648	8	7077.271544737699	0	2
2649	9	7069.4966579191505	0	2
2650	10	7045.278457233276	0	2
2651	11	7075.293606523008	0	2
2652	12	7078.436749900833	0	2
2653	13	7064.864021676775	0	2
2654	14	7024.167057427724	0	2
2655	15	7016.940380195431	0	2
2656	16	7009.803368297698	0	2
2657	17	6979.966116674827	0	2
2658	18	6960.92856967134	0	2
2659	19	6959.232022539616	0	2
2660	20	6970.041146011781	0	2
2661	21	6975.065903089386	0	2
2662	22	6982.847119195635	0	2
2663	23	6963.426853931509	0	2
2664	24	6966.587807474735	0	2
2665	25	6980.181821306204	0	2
2666	26	6990.702257385192	0	2
2667	27	7008.772595494166	0	2
2668	28	7013.0645640058065	0	2
2669	29	7024.382279704181	0	2
2670	30	7034.448995527331	0	2
2671	31	7030.991539788902	0	2
2672	32	7030.622708924494	0	2
2673	33	7017.986105275857	0	2
2674	34	7027.671814917673	0	2
2675	35	7040.7630594035545	0	2
2676	36	7040.271525562827	0	2
2677	37	7029.823551842881	0	2
2678	38	7029.86965793489	0	2
2679	39	7037.552509123292	0	2
2680	40	7068.254235337621	0	2
2681	41	7099.904222801401	0	2
2682	42	7117.860368451628	0	2
2683	43	7133.537804728822	0	2
2684	44	7168.687336635494	0	2
2685	45	7167.542619123897	0	2
2686	46	7193.321223090889	0	1
2687	47	7210.554769069309	0	1
2688	48	7222.3249109550125	0	1
2689	1	7222.157466369202	0	1
2690	2	7245.221417886679	1	1
2691	3	7261.864220847296	1	1
2692	4	7243.594407968851	1	1
2693	5	7213.75302335975	0	1
2694	6	7162.382954050358	0	2
2695	7	7140.859949485986	0	2
2696	8	7117.0953023373595	0	2
2697	9	7110.759433798366	0	2
2698	10	7130.449170098995	0	2
2699	11	7116.115975148379	0	2
2700	12	7123.123233083467	0	2
2701	13	7144.222046449954	0	2
2702	14	7153.526017449459	0	2
2703	15	7172.441555163434	0	2
2704	16	7183.9745514537835	0	2
2705	17	7212.275796980987	0	1
2706	18	7226.7845192657005	0	1
2707	19	7228.184604491037	0	1
2708	20	7222.827236452133	0	1
2709	21	7223.603533306371	0	1
2710	22	7229.72154383301	0	1
2711	23	7232.20170652358	0	1
2712	24	7225.977904756948	0	1
2713	25	7207.813007775144	0	1
2714	26	7195.897280494224	0	1
2715	27	7174.50150089375	0	2
2716	28	7170.320354746618	0	2
2717	29	7150.516828347479	0	2
2718	30	7137.283284668408	0	2
2719	31	7131.183146051304	0	2
2720	32	7121.149820501267	0	2
2721	33	7115.136600159218	0	2
2722	34	7097.897890882894	0	2
2723	35	7080.65965002852	0	2
2724	36	7062.531956109851	0	2
2725	37	7047.24402403917	0	2
2726	38	7034.879214516914	0	2
2727	39	7010.541799346417	0	2
2728	40	6974.7268494540795	0	2
2729	41	6930.2601012117575	0	2
2730	42	6893.121895066856	0	1
2731	43	6850.841510288475	-1	1
2732	44	6813.830344847629	-1	1
2733	45	6779.612383530882	-1	2
2734	46	6740.482232840547	-1	2
2735	47	6717.318427218995	-1	2
2736	48	6712.944722316967	-1	2
2737	1	6710.898106210914	-1	2
2738	2	6690.013084776595	-1	2
2739	3	6680.985981282463	-1	2
2740	4	6669.183207403549	-1	3
2741	5	6667.617296528829	-1	3
2742	6	6721.441281291386	-1	2
2743	7	6754.781611129273	-1	2
2744	8	6788.234847747272	-1	2
2745	9	6804.224375120656	-1	2
2746	10	6836.815441070993	-1	1
2747	11	6842.945342719054	-1	1
2748	12	6859.35458542636	0	1
2749	13	6878.27462036962	0	1
2750	14	6900.595425654933	0	1
2751	15	6922.473433327686	0	2
2752	16	6919.243526957822	0	2
2753	17	6922.226186662158	0	2
2754	18	6953.076951889174	0	2
2755	19	6966.402790065028	0	2
2756	20	6985.91253596194	0	2
2757	21	7010.187971244479	0	2
2758	22	7027.886999123485	0	2
2759	23	7057.329852110184	0	2
2760	24	7084.76753140027	0	2
2761	25	7118.885511324421	0	2
2762	26	7142.464656686184	0	2
2763	27	7164.321799323472	0	2
2764	28	7190.88205063981	0	1
2765	29	7227.515010514344	0	1
2766	30	7259.8434884320895	1	1
2767	31	7289.951518328622	1	2
2768	32	7316.561066260069	1	2
2769	33	7330.965924075374	1	2
2770	34	7351.427495149622	1	2
2771	35	7382.39924067452	1	2
2772	36	7393.799856356058	1	2
2773	37	7407.970208431879	1	2
2774	38	7419.733802370523	1	2
2775	39	7435.3480500375035	1	3
2776	40	7441.689899237245	1	3
2777	41	7465.398374078565	1	3
2778	42	7490.041922818964	1	3
2779	43	7519.489247713462	1	3
2780	44	7528.1909699865655	1	3
2781	45	7558.918531513985	1	3
2782	46	7577.618155091669	1	3
2783	47	7604.194659760976	1	3
2784	48	7616.880530409782	1	3
2785	1	7651.418666768249	1	3
2786	2	7671.021373987085	1	3
2787	3	7660.976277003981	1	3
2788	4	7664.34503453703	1	3
2789	5	7671.349176850789	1	3
2790	6	7629.5738413247545	1	3
2791	7	7647.794316160171	1	3
2792	8	7654.803827048478	1	3
2793	9	7671.3044767527945	1	3
2794	10	7656.041440327904	1	3
2795	11	7662.720345369727	1	3
2796	12	7654.013506744695	1	3
2797	13	7651.120389303096	1	3
2798	14	7674.850397579924	1	3
2799	15	7660.245813374435	1	3
2800	16	7671.170375904599	1	3
2801	17	7678.023355129136	1	3
2802	18	7673.375484296026	1	3
2803	19	7685.88671057165	1	3
2804	20	7690.904065334674	1	3
2805	21	7708.7457276846935	1	3
2806	22	7709.757159424233	1	3
2807	23	7714.293149553124	1	3
2808	24	7722.128517425145	1	3
2809	25	7731.045808941393	1	3
2810	26	7747.325319746296	1	3
2811	27	7755.2824155817525	1	3
2812	28	7758.532709260352	1	3
2813	29	7764.74996236999	1	3
2814	30	7763.177268073016	1	3
2815	31	7766.663749275054	1	3
2816	32	7776.734337747909	1	3
2817	33	7785.184723056042	1	3
2818	34	7782.66477325849	1	3
2819	35	7765.921991255877	1	3
2820	36	7771.18792930509	1	3
2821	37	7785.258834847113	1	3
2822	38	7796.1801785120615	1	3
2823	39	7802.638555148781	1	3
2824	40	7814.661491305721	1	3
2825	41	7826.145263756925	1	3
2826	42	7828.571481534474	1	3
2827	43	7821.395614028314	1	3
2828	44	7829.7696980346045	1	3
2829	45	7822.7717859954255	1	3
2830	46	7823.0825226214265	1	3
2831	47	7815.712445934382	1	3
2832	48	7797.187573117434	1	3
2833	1	7768.755371585184	1	3
2834	2	7740.271365842991	1	3
2835	3	7727.702252303273	1	3
2836	4	7719.616154508006	1	3
2837	5	7738.607785632055	1	3
2838	6	7739.766363826931	1	3
2839	7	7692.318243426425	1	3
2840	8	7657.711360247373	1	3
2841	9	7648.316379512511	1	3
2842	10	7615.790049294399	1	3
2843	11	7597.676972594726	1	3
2844	12	7581.897751246344	1	3
2845	13	7538.508390148361	1	3
2846	14	7488.659398735921	1	3
2847	15	7451.959328672299	1	3
2848	16	7409.584324096478	1	2
2849	17	7368.6649112113755	1	2
2850	18	7358.006619759026	1	2
2851	19	7337.248809809798	1	2
2852	20	7314.970008179403	1	2
2853	21	7275.867129190543	1	1
2854	22	7265.525340806674	1	1
2855	23	7246.52901418086	1	1
2856	24	7227.530228803587	0	1
2857	25	7206.548626578385	0	1
2858	26	7178.834331770614	0	2
2859	27	7166.657326455413	0	2
2860	28	7149.508573186821	0	2
2861	29	7118.763108957818	0	2
2862	30	7101.006853957614	0	2
2863	31	7084.706225948506	0	2
2864	32	7071.996606965565	0	2
2865	33	7054.106627597046	0	2
2866	34	7053.477270442482	0	2
2867	35	7040.379049630428	0	2
2868	36	7038.305268476084	0	2
2869	37	7033.680724121157	0	2
2870	38	7026.903280820653	0	2
2871	39	7023.2446497516985	0	2
2872	40	7006.957073847797	0	2
2873	41	6988.376846732226	0	2
2874	42	6977.331247853161	0	2
2875	43	6968.530385082647	0	2
2876	44	6979.226539990072	0	2
2877	45	6988.623260858173	0	2
2878	46	7005.756891678881	0	2
2879	47	7019.493082456705	0	2
2880	48	7028.378839962754	0	2
2881	1	7016.3867386595075	0	2
2882	2	7023.6136179774685	0	2
2883	3	7026.51900259341	0	2
2884	4	7022.6911845230625	0	2
2885	5	6996.106622550693	0	2
2886	6	7004.925953614575	0	2
2887	7	7013.664442378725	0	2
2888	8	7024.243922794936	0	2
2889	9	7023.275397366403	0	2
2890	10	7076.3975962155855	0	2
2891	11	7124.652876877768	0	2
2892	12	7165.314049716876	0	2
2893	13	7190.028270960418	0	1
2894	14	7195.897280494224	0	1
2895	15	7230.162821835849	0	1
2896	16	7299.8412459381725	1	2
2897	17	7365.294156647102	1	2
2898	18	7393.045041531495	1	2
2899	19	7428.582300470596	1	3
2900	20	7466.225806260456	1	3
2901	21	7505.498994163355	1	3
2902	22	7521.259887367615	1	3
2903	23	7540.997017693535	1	3
2904	24	7563.5912303689565	1	3
2905	25	7583.109649025377	1	3
2906	26	7602.655109699954	1	3
2907	27	7606.899814919019	1	3
2908	28	7614.819026351717	1	3
2909	29	7634.5744416846965	1	3
2910	30	7644.094762254115	1	3
2911	31	7663.853169057904	1	3
2912	32	7672.019667236447	1	3
2913	33	7689.921529421341	1	3
2914	34	7701.842936632966	1	3
2915	35	7717.073764305058	1	3
2916	36	7728.87627062406	1	3
2917	37	7731.759034649715	1	3
2918	38	7729.277502890333	1	3
2919	39	7746.300781570728	1	3
2920	40	7770.98028248194	1	3
2921	41	7776.956758019336	1	3
2922	42	7784.547351323735	1	3
2923	43	7797.17275882531	1	3
2924	44	7787.393147078395	1	3
2925	45	7801.2611247462755	1	3
2926	46	7805.92626626269	1	3
2927	47	7804.800798831225	1	3
2928	48	7811.937657265231	1	3
2929	1	7829.828867534759	1	3
2930	2	7832.047609336497	1	3
2931	3	7849.892981556783	1	3
2932	4	7890.969907397704	1	3
2933	5	7931.971138939474	1	3
2934	6	7942.43782252831	1	3
2935	7	7949.2510504096435	1	3
2936	8	7953.23796171535	1	3
2937	9	7956.78292216583	1	3
2938	10	7934.091368974905	1	3
2939	11	7904.832100048707	1	3
2940	12	7880.464283404975	1	3
2941	13	7875.711513296561	1	3
2942	14	7859.5710689512625	1	3
2943	15	7836.573151591294	1	3
2944	16	7804.563850985277	1	3
2945	17	7773.67953772941	1	3
2946	18	7763.533359695214	1	3
2947	19	7739.706951056779	1	3
2948	20	7710.917273182214	1	3
2949	21	7677.338154845618	1	3
2950	22	7664.702747854169	1	3
2951	23	7651.910815570409	1	3
2952	24	7629.3797647510255	1	3
2953	25	7602.565423764327	1	3
2954	26	7578.979937734908	1	3
2955	27	7562.647787145936	1	3
2956	28	7542.765864995129	1	3
2957	29	7531.41570218829	1	3
2958	30	7524.695706989846	1	3
2959	31	7514.761815716719	1	3
2960	32	7492.821724498018	1	3
2961	33	7479.279888187087	1	3
2962	34	7483.804819999804	1	3
2963	35	7478.843880031057	1	3
2964	36	7476.047199557508	1	3
2965	37	7457.739321179933	1	3
2966	38	7454.488270960625	1	3
2967	39	7442.759238350764	1	3
2968	40	7430.6619838723755	1	3
2969	41	7437.818737114587	1	3
2970	42	7434.594733867454	1	3
2971	43	7431.867502922305	1	3
2972	44	7421.0002563394155	1	2
2973	45	7379.015605387197	1	2
2974	46	7352.758612932084	1	2
2975	47	7329.5425473671285	1	2
2976	48	7340.896549727203	1	2
2977	1	7338.550566721866	1	2
2978	2	7334.221151359917	1	2
2979	3	7335.190050282307	1	2
2980	4	7300.599464416478	1	2
2981	5	7292.227183627197	1	2
2982	6	7284.185371592529	1	1
2983	7	7296.246910298734	1	2
2984	8	7293.334582963995	1	2
2985	9	7296.883926945973	1	2
2986	10	7276.8235950056605	1	1
2987	11	7256.713238387735	1	1
2988	12	7247.3804272496845	1	1
2989	13	7239.898941319879	1	1
2990	14	7236.0658988144105	0	1
2991	15	7265.753189713235	1	1
2992	16	7267.21136271631	1	1
2993	17	7267.788527531094	1	1
2994	18	7243.82250128177	1	1
2995	19	7238.423609381283	1	1
2996	20	7244.065798008066	1	1
2997	21	7258.962204315016	1	1
2998	22	7273.377072510775	1	1
2999	23	7297.5815892168075	1	2
3000	24	7315.167002979292	1	2
3001	25	7340.154945134848	1	2
3002	26	7368.453310422503	1	2
3003	27	7384.151264224456	1	2
3004	28	7405.224416727268	1	2
3005	29	7408.04563717541	1	2
3006	30	7420.321808389287	1	2
3007	31	7417.592717728578	1	2
3008	32	7430.089338025371	1	3
3009	33	7444.807397767188	1	3
3010	34	7429.727658899474	1	3
3011	35	7440.951872854661	1	3
3012	36	7450.559247591155	1	3
3013	37	7456.234267832897	1	3
3014	38	7474.197578006662	1	3
3015	39	7469.204292898989	1	3
3016	40	7471.5657228119335	1	3
3017	41	7471.310039358999	1	3
3018	42	7488.058273074808	1	3
3019	43	7490.207218553998	1	3
3020	44	7507.811325883179	1	3
3021	45	7527.875969884071	1	3
3022	46	7530.020878134028	1	3
3023	47	7528.59596324998	1	3
3024	48	7526.540917557914	1	3
3025	1	7524.425662715295	1	3
3026	2	7531.730649779381	1	3
3027	3	7541.476719637348	1	3
3028	4	7550.94861721714	1	3
3029	5	7519.864395577598	1	3
3030	6	7516.84801886454	1	3
3031	7	7490.552832728809	1	3
3032	8	7503.531811804655	1	3
3033	9	7476.648667530529	1	3
3034	10	7467.730145099527	1	3
3035	11	7473.565962738005	1	3
3036	12	7479.294922790301	1	3
3037	13	7500.28781391586	1	3
3038	14	7546.003373933546	1	3
3039	15	7558.259478749041	1	3
3040	16	7559.577563900851	1	3
3041	17	7578.201786851174	1	3
3042	18	7601.50411169989	1	3
3043	19	7628.006249723319	1	3
3044	20	7652.104689289049	1	3
3045	21	7648.808599098231	1	3
3046	22	7636.619128672797	1	3
3047	23	7631.439872883993	1	3
3048	24	7625.901018404078	1	3
3049	25	7616.3278277235	1	3
3050	26	7615.282135078427	1	3
3051	27	7615.53609368812	1	3
3052	28	7602.789637899877	1	3
3053	29	7614.012296972645	1	3
3054	30	7605.046596262425	1	3
3055	31	7610.560945683872	1	3
3056	32	7614.490362485953	1	3
3057	33	7605.9134442777395	1	3
3058	34	7611.143680297068	1	3
3059	35	7604.1049802654425	1	3
3060	36	7586.535507030249	1	3
3061	37	7582.945074345452	1	3
3062	38	7571.676175580856	1	3
3063	39	7568.876735693419	1	3
3064	40	7562.962272857823	1	3
3065	41	7549.105524485162	1	3
3066	42	7534.564967963027	1	3
3067	43	7523.750536990947	1	3
3068	44	7509.492863049862	1	3
3069	45	7506.640176453099	1	3
3070	46	7502.105114758329	1	3
3071	47	7507.435964531648	1	3
3072	48	7481.760452729799	1	3
3073	1	7469.204292898989	1	3
3074	2	7458.266064402701	1	3
3075	3	7423.005318382071	1	2
3076	4	7406.853831178711	1	2
3077	5	7405.13388997414	1	2
3078	6	7395.8528144396405	1	2
3079	7	7396.879217695182	1	2
3080	8	7354.800502521029	1	2
3081	9	7330.345101606474	1	2
3082	10	7314.212318336954	1	2
3083	11	7301.569943319686	1	2
3084	12	7288.054938114192	1	2
3085	13	7268.198608442616	1	1
3086	14	7238.788649891991	1	1
3087	15	7208.574645230722	0	1
3088	16	7203.760616538672	0	1
3089	17	7157.939700993738	0	2
3090	18	7117.921572480859	0	2
3091	19	7076.612253784678	0	2
3092	20	7029.80818312171	0	2
3093	21	7023.014041119638	0	2
3094	22	7019.985131788723	0	2
3095	23	7016.6174245155935	0	2
3096	24	7023.0755370174265	0	2
3097	25	7037.598597251208	0	2
3098	26	7032.574361009291	0	2
3099	27	7030.14629223488	0	2
3100	28	7032.0365233111415	0	2
3101	29	7019.247053203562	0	2
3102	30	7015.356308993402	0	2
3103	31	7012.11087374562	0	2
3104	32	7012.157021107552	0	2
3105	33	7003.325529951063	0	2
3106	34	6996.137412411326	0	2
3107	35	7002.848455496659	0	2
3108	36	7002.910014138444	0	2
3109	37	7009.526449542088	0	2
3110	38	6995.844906794982	0	2
3111	39	7000.60143370878	0	2
3112	40	6993.150572123882	0	2
3113	41	7010.55718303326	0	2
3114	42	7009.141833722688	0	2
3115	43	7012.772308975398	0	2
3116	44	7004.5874132701965	0	2
3117	45	6991.426004717689	0	2
3118	46	6982.616038289365	0	2
3119	47	6978.04007766519	0	2
3120	48	6977.115511971806	0	2
3121	1	6990.964041402669	0	2
3122	2	6988.084225955361	0	2
3123	3	7008.818750649998	0	2
3124	4	7013.741348546458	0	2
3125	5	7016.325221976944	0	2
3126	6	7029.208793701373	0	2
3127	7	7035.509161203329	0	2
3128	8	7085.120034097041	0	2
3129	9	7158.046594849846	0	2
3130	10	7202.724537150197	0	1
3131	11	7236.5070395718585	0	1
3132	12	7253.719298836018	1	1
3133	13	7296.74742503905	1	2
3134	14	7324.075263612833	1	2
3135	15	7345.118649276393	1	2
3136	16	7340.760338630789	1	2
3137	17	7358.097351716111	1	2
3138	18	7381.160652301238	1	2
3139	19	7397.407493798927	1	2
3140	20	7410.926811291028	1	2
3141	21	7406.597357705081	1	2
3142	22	7404.7416028418065	1	2
3143	23	7379.000498638892	1	2
3144	24	7353.136755804464	1	2
3145	25	7321.166866533709	1	2
3146	26	7299.7502578439135	1	2
3147	27	7290.437014730203	1	2
3148	28	7278.447966533929	1	1
3149	29	7271.524517155516	1	1
3150	30	7265.494960760987	1	1
3151	31	7263.079602944297	1	1
3152	32	7265.130396698822	1	1
3153	33	7277.1879512075575	1	1
3154	34	7280.390971076957	1	1
3155	35	7270.127397488739	1	1
3156	36	7273.620018177435	1	1
3157	37	7264.963302668736	1	1
3158	38	7270.27926293427	1	1
3159	39	7258.4455718460895	1	1
3160	40	7280.3302549688515	1	1
3161	41	7263.185945445998	1	1
3162	42	7267.287306383863	1	1
3163	43	7260.679153841936	1	1
3164	44	7262.821340284051	1	1
3165	45	7269.276930201622	1	1
3166	46	7277.931825032054	1	1
3167	47	7273.194861372134	1	1
3168	48	7273.194861372134	1	1
3169	1	7270.218516891055	1	1
3170	2	7282.698050143	1	1
3171	3	7293.440768808203	1	2
3172	4	7320.788138848869	1	2
3173	5	7341.350580241889	1	2
3174	6	7349.945013374554	1	2
3175	7	7374.09022417879	1	2
3176	8	7359.972390006719	1	2
3177	9	7345.436406881948	1	2
3178	10	7355.102987583427	1	2
3179	11	7334.236290754681	1	2
3180	12	7315.954963365931	1	2
3181	13	7304.420460591636	1	2
3182	14	7322.030339676069	1	2
3183	15	7332.994823574828	1	2
3184	16	7367.077852760703	1	2
3185	17	7397.6037072298095	1	2
3186	18	7456.27942100086	1	3
3187	19	7488.779621814596	1	3
3188	20	7522.865339600058	1	3
3189	21	7561.494633185897	1	3
3190	22	7585.009646788133	1	3
3191	23	7610.710366323966	1	3
3192	24	7651.194959056004	1	3
3193	25	7682.938286775445	1	3
3194	26	7715.542239717227	1	3
3195	27	7744.9495055604775	1	3
3196	28	7771.558722309518	1	3
3197	29	7796.832027351278	1	3
3198	30	7821.306825791393	1	3
3199	31	7827.328817943058	1	3
3200	32	7835.56755564886	1	3
3201	33	7830.494513485134	1	3
3202	34	7840.151518946426	1	3
3203	35	7842.724036729421	1	3
3204	36	7847.735151806433	1	3
3205	37	7857.857395152576	1	3
3206	38	7866.7493313392715	1	3
3207	39	7898.093792651607	1	3
3208	40	7885.776736131799	1	3
3209	41	7909.136472870683	1	3
3210	42	7936.6824883953095	1	3
3211	43	7959.665547582092	1	3
3212	44	7989.279277117648	1	3
3213	45	8005.73736390604	1	3
3214	46	8017.38730704823	1	3
3215	47	8025.761578730577	1	3
3216	48	8036.214070436247	1	3
3217	1	8025.7762419865885	1	3
3218	2	8022.550096730867	1	3
3219	3	8033.458481989346	1	3
3220	4	8055.786697908983	1	3
3221	5	8070.7770613121465	1	3
3222	6	8072.1380015375835	1	3
3223	7	8068.655002872694	1	3
3224	8	8098.404314183842	1	3
3225	9	8106.412740455913	1	3
3226	10	8102.014299077217	1	3
3227	11	8111.818303074669	1	3
3228	12	8123.925050876825	1	3
3229	13	8120.026471592499	1	3
3230	14	8093.141775404692	1	3
3231	15	8093.551127493207	1	3
3232	16	8090.583158458903	1	3
3233	17	8094.135903454269	1	3
3234	18	8062.009484149167	1	3
3235	19	8054.483357401844	1	3
3236	20	8053.458205576258	1	3
3237	21	8039.321034193423	1	3
3238	22	8032.432379371141	1	3
3239	23	8031.93396989752	1	3
3240	24	8016.40448340693	1	3
3241	25	8010.68272101436	1	3
3242	26	8002.508356320553	1	3
3243	27	7987.91334726914	1	3
3244	28	7987.83990783409	1	3
3245	29	7988.6036662546685	1	3
3246	30	7993.538096603326	1	3
3247	31	7994.198875776191	1	3
3248	32	7995.0358349227145	1	3
3249	33	8009.508847028168	1	3
3250	34	8010.389258237374	1	3
3251	35	8018.399424050324	1	3
3252	36	8018.135397896263	1	3
3253	37	8026.626694580425	1	3
3254	38	8040.141670499202	1	3
3255	39	8028.576749710314	1	3
3256	40	8026.582706436897	1	3
3257	41	8016.976579977559	1	3
3258	42	8016.316467264763	1	3
3259	43	8025.658935672409	1	3
3260	44	8020.834186610639	1	3
3261	45	8039.496887331239	1	3
3262	46	8057.163178594953	1	3
3263	47	8074.464581844824	1	3
3264	48	8100.830520749814	1	3
3265	1	8133.792646380879	1	3
3266	2	8163.5157568797495	1	3
3267	3	8151.7798673702155	1	3
3268	4	8137.659702262851	1	3
3269	5	8131.282359257227	1	3
3270	6	8152.756871785333	1	3
3271	7	8174.9688798034995	1	3
3272	8	8169.709310324446	1	3
3273	9	8157.524640934515	1	3
3274	10	8143.20377748688	1	3
3275	11	8154.987785914432	1	3
3276	12	8178.231832084148	1	3
3277	13	8196.1698263765	1	3
3278	14	8205.628255958567	1	3
3279	15	8207.170340815563	1	3
3280	16	8219.77957679979	1	3
3281	17	8228.094718105925	1	3
3282	18	8242.50832245001	1	3
3283	19	8261.964133339123	1	3
3284	20	8271.526367492448	1	3
3285	21	8287.63835219761	1	3
3286	22	8299.638982336097	1	3
3287	23	8321.957124345596	1	3
3288	24	8335.227868877122	1	3
3289	25	8348.013950446817	1	3
3290	26	8353.85505111916	1	3
3291	27	8366.255359759401	1	3
3292	28	8373.261975038644	1	3
3293	29	8371.701919067606	1	3
3294	30	8369.592790600102	1	3
3295	31	8370.994081895164	1	3
3296	32	8372.22194917941	1	3
3297	33	8371.413008499714	1	3
3298	34	8378.360328006867	1	3
3299	35	8388.308336329312	1	3
3300	36	8393.619927244597	1	3
3301	37	8389.694083712107	1	3
3302	38	8383.616401199291	1	3
3303	39	8377.59492312445	1	3
3304	40	8395.842358775773	1	3
3305	41	8428.015398106141	1	3
3306	42	8427.165125905838	1	3
3307	43	8424.19614029234	1	3
3308	44	8421.760141960303	1	3
3309	45	8405.912843328619	1	3
3310	46	8390.487964909133	1	3
3311	47	8395.135244103683	1	3
3312	48	8371.58635526478	1	3
