Sim	QM	forNTS	indicator	confidence
49	1	7055.702956434412	0	2
50	2	7038.044110302685	0	2
51	3	7015.694664951535	0	2
52	4	7016.786592433915	0	2
53	5	7020.984569341104	0	2
54	6	7035.9547211717145	0	2
55	7	7045.078818476108	0	2
56	8	7023.859592975769	0	2
57	9	7000.339777560799	0	2
58	10	6963.904884437348	0	2
59	11	6955.869341098799	0	2
60	12	6942.32022175388	0	2
61	13	6906.457739393898	0	1
62	14	6901.941284420698	0	1
63	15	6877.577649578311	0	1
64	16	6855.571459339522	-1	1
65	17	6825.621400980642	-1	1
66	18	6808.064230906297	-1	2
67	19	6818.647064735868	-1	1
68	20	6830.00042713539	-1	1
69	21	6839.686650230561	-1	1
70	22	6839.096923237215	-1	1
71	23	6816.813745903254	-1	1
72	24	6795.889087762773	-1	2
73	25	6785.713879379536	-1	2
74	26	6774.225261065938	-1	2
75	27	6767.512586691853	-1	2
76	28	6759.675550158777	-1	2
77	29	6746.68982614197	-1	2
78	30	6738.516592344874	-1	2
79	31	6739.546238913925	-1	2
80	32	6739.047023302617	-1	2
81	33	6726.218922027846	-1	2
82	34	6717.7088874674555	-1	2
83	35	6709.898152204165	-1	2
84	36	6710.101272138813	-1	2
85	37	6704.913217938173	-1	2
86	38	6695.173958086928	-1	2
87	39	6692.953391653109	-1	2
88	40	6687.776267846747	-1	2
89	41	6691.264335198144	-1	2
90	42	6677.120370368274	-1	2
91	43	6666.583723902299	-1	3
92	44	6670.279267434877	-1	2
93	45	6663.044090075335	-1	3
94	46	6646.527421522032	-1	3
95	47	6663.012762905652	-1	3
96	48	6657.10665800143	-1	3
97	1	6645.053691263882	-1	3
98	2	6629.964801522143	-1	3
99	3	6623.21634857891	-1	3
100	4	6598.210110331768	-1	3
101	5	6584.970855829385	-1	3
102	6	6543.809084213393	-1	3
103	7	6523.525165256442	-1	3
104	8	6505.256815151581	-1	3
105	9	6498.668169914097	-1	3
106	10	6486.922813594086	-1	3
107	11	6464.739399592473	-1	3
108	12	6445.825800173561	-1	3
109	13	6462.950260474134	-1	3
110	14	6428.003036397743	-1	3
111	15	6392.9088237688775	-1	3
112	16	6371.23065740198	-1	3
113	17	6368.827432328456	-1	3
114	18	6378.008884933346	-1	3
115	19	6358.845034852468	-1	3
116	20	6360.373800356216	-1	3
117	21	6350.673483353733	-1	3
118	22	6344.761518687107	-1	3
119	23	6335.78625870373	-1	3
120	24	6326.2480930539095	-1	3
121	25	6309.7116938121735	-1	3
122	26	6300.670835050103	-1	3
123	27	6281.167802720975	-1	3
124	28	6269.4876815538655	-1	3
125	29	6261.7873827922285	-1	3
126	30	6261.226938948466	-1	3
127	31	6255.877808025084	-1	3
128	32	6240.574176756172	-1	3
129	33	6239.211428685725	-1	3
130	34	6247.979268776914	-1	3
131	35	6233.085774670546	-1	3
132	36	6229.508816793846	-1	3
133	37	6224.64747771968	-1	3
134	38	6211.452502344426	-1	3
135	39	6205.654486988642	-1	3
136	40	6207.758697939103	-1	3
137	41	6203.726743424902	-1	3
138	42	6204.738835280566	-1	3
139	43	6203.710678002706	-1	3
140	44	6200.384817874146	-1	3
141	45	6203.63035067042	-1	3
142	46	6201.493508199638	-1	3
143	47	6187.075043531807	-1	3
144	48	6180.496782113985	-1	3
145	1	6178.775409106197	-1	3
146	2	6180.400261024913	-1	3
147	3	6168.02504467832	-1	3
148	4	6159.329771176825	-1	3
149	5	6158.91100003896	-1	3
150	6	6168.572379349664	-1	3
151	7	6167.509890428863	-1	3
152	8	6221.871257776656	-1	3
153	9	6254.324013971087	-1	3
154	10	6274.496677765906	-1	3
155	11	6272.240404587446	-1	3
156	12	6266.71852186732	-1	3
157	13	6264.205093769988	-1	3
158	14	6283.310988046167	-1	3
159	15	6306.533541308422	-1	3
160	16	6336.679204017646	-1	3
161	17	6351.533822208106	-1	3
162	18	6364.847875664677	-1	3
163	19	6356.487932618569	-1	3
164	20	6324.110078975598	-1	3
165	21	6305.143919303817	-1	3
166	22	6312.729614600739	-1	3
167	23	6322.067557463682	-1	3
168	24	6333.69723013803	-1	3
169	25	6335.706529273225	-1	3
170	26	6330.347895769011	-1	3
171	27	6336.232736939282	-1	3
172	28	6331.432510925578	-1	3
173	29	6339.1824020991435	-1	3
174	30	6335.451392704384	-1	3
175	31	6333.346376949683	-1	3
176	32	6338.576564659698	-1	3
177	33	6352.7605302087695	-1	3
178	34	6345.8452594692235	-1	3
179	35	6355.771184675288	-1	3
180	36	6358.016899112559	-1	3
181	37	6365.4687445848795	-1	3
182	38	6381.126647989635	-1	3
183	39	6408.908167332099	-1	3
184	40	6414.783215684683	-1	3
185	41	6427.320856820048	-1	3
186	42	6435.1088693974225	-1	3
187	43	6439.501039330273	-1	3
188	44	6450.785789234487	-1	3
189	45	6465.8001336681755	-1	3
190	46	6477.669814811056	-1	3
191	47	6492.962417065326	-1	3
192	48	6510.8324043082175	-1	3
193	1	6547.765474547348	-1	3
194	2	6578.6938504293175	-1	3
195	3	6600.127605493873	-1	3
196	4	6611.581311392224	-1	3
197	5	6602.484910767443	-1	3
198	6	6592.267763468631	-1	3
199	7	6593.588449111703	-1	3
200	8	6546.7409926798055	-1	3
201	9	6535.231364539159	-1	3
202	10	6535.089420169611	-1	3
203	11	6558.400967313365	-1	3
204	12	6584.561892556959	-1	3
205	13	6576.286315033482	-1	3
206	14	6568.510830262087	-1	3
207	15	6558.400967313365	-1	3
208	16	6536.38265069492	-1	3
209	17	6517.132519545418	-1	3
210	18	6492.788529648014	-1	3
211	19	6476.514838202943	-1	3
212	20	6468.981965699745	-1	3
213	21	6475.1540871039315	-1	3
214	22	6455.982026576119	-1	3
215	23	6443.41662710096	-1	3
216	24	6437.915540993187	-1	3
217	25	6434.617260772168	-1	3
218	26	6438.359494484901	-1	3
219	27	6437.947252316951	-1	3
220	28	6445.1125914263375	-1	3
221	29	6439.326641290497	-1	3
222	30	6439.310786840186	-1	3
223	31	6449.613262179429	-1	3
224	32	6449.296349998573	-1	3
225	33	6436.076189417433	-1	3
226	34	6424.0999877778795	-1	3
227	35	6422.052931009386	-1	3
228	36	6413.7988812507965	-1	3
229	37	6409.861007591165	-1	3
230	38	6414.116414340889	-1	3
231	39	6412.878003759667	-1	3
232	40	6417.30731242774	-1	3
233	41	6417.815264177923	-1	3
234	42	6408.352320646016	-1	3
235	43	6408.574661372189	-1	3
236	44	6391.653061301067	-1	3
237	45	6377.913434681729	-1	3
238	46	6375.304264922828	-1	3
239	47	6354.767689393394	-1	3
240	48	6332.501111415634	-1	3
241	1	6292.840226134843	-1	3
242	2	6259.769701683378	-1	3
243	3	6248.171567346826	-1	3
244	4	6236.261118265245	-1	3
245	5	6234.994257009643	-1	3
246	6	6240.878776598643	-1	3
247	7	6250.703302808238	-1	3
248	8	6244.886178343531	-1	3
249	9	6225.802769328543	-1	3
250	10	6237.736335336077	-1	3
251	11	6222.737870693876	-1	3
252	12	6188.088100468673	-1	3
253	13	6165.88383472282	-1	3
254	14	6175.412610413745	-1	3
255	15	6177.536558805273	-1	3
256	16	6175.798802116146	-1	3
257	17	6189.631693188949	-1	3
258	18	6199.420682178163	-1	3
259	19	6246.312593234339	-1	3
260	20	6280.767926007647	-1	3
261	21	6309.55200120543	-1	3
262	22	6331.783401721204	-1	3
263	23	6351.342639367839	-1	3
264	24	6352.919836772519	-1	3
265	25	6357.73022782834	-1	3
266	26	6362.7463137646155	-1	3
267	27	6376.927085747802	-1	3
268	28	6379.710996026425	-1	3
269	29	6380.17228811472	-1	3
270	30	6381.07893119817	-1	3
271	31	6372.86975895429	-1	3
272	32	6383.528229714897	-1	3
273	33	6402.522840954635	-1	3
274	34	6426.940094262111	-1	3
275	35	6425.274163993829	-1	3
276	36	6435.07715311386	-1	3
277	37	6435.093011262587	-1	3
278	38	6430.001833384416	-1	3
279	39	6409.463996921637	-1	3
280	40	6402.713480406607	-1	3
281	41	6395.610800820951	-1	3
282	42	6400.187344257603	-1	3
283	43	6393.481040941611	-1	3
284	44	6391.812023412037	-1	3
285	45	6390.842332724406	-1	3
286	46	6387.217452932668	-1	3
287	47	6385.2934265185595	-1	3
288	48	6393.624092396873	-1	3
289	1	6398.995647864558	-1	3
290	2	6396.977529133314	-1	3
291	3	6387.805750551807	-1	3
292	4	6404.699188351454	-1	3
293	5	6404.52445481447	-1	3
294	6	6392.956509227035	-1	3
295	7	6387.296953733863	-1	3
296	8	6384.068939017152	-1	3
297	9	6396.675586442291	-1	3
298	10	6369.129842573054	-1	3
299	11	6362.698548133387	-1	3
300	12	6365.962240457971	-1	3
301	13	6357.570964022948	-1	3
302	14	6352.983559001333	-1	3
303	15	6344.394944447247	-1	3
304	16	6340.983850024035	-1	3
305	17	6331.863148667522	-1	3
306	18	6309.1367937193945	-1	3
307	19	6276.384685240557	-1	3
308	20	6263.804833357668	-1	3
309	21	6233.855607606501	-1	3
310	22	6217.152280602133	-1	3
311	23	6206.264894842071	-1	3
312	24	6203.228708475709	-1	3
313	25	6231.128964166725	-1	3
314	26	6242.529936625791	-1	3
315	27	6239.243494558799	-1	3
316	28	6239.756540579818	-1	3
317	29	6255.349213039209	-1	3
318	30	6259.337311439395	-1	3
319	31	6258.104140334135	-1	3
320	32	6242.433756795287	-1	3
321	33	6222.176182017365	-1	3
322	34	6211.821839934655	-1	3
323	35	6221.421886077406	-1	3
324	36	6227.840390058213	-1	3
325	37	6225.353498293564	-1	3
326	38	6211.11527426426	-1	3
327	39	6206.45765079339	-1	3
328	40	6208.047806394081	-1	3
329	41	6204.497866339993	-1	3
330	42	6202.280796327494	-1	3
331	43	6206.5540279728875	-1	3
332	44	6207.903252763469	-1	3
333	45	6209.557517425264	-1	3
334	46	6208.336910074262	-1	3
335	47	6205.204699155058	-1	3
336	48	6220.426807775989	-1	3
337	1	6235.3630994526575	-1	3
338	2	6238.281492940544	-1	3
339	3	6240.429890779942	-1	3
340	4	6224.358642935767	-1	3
341	5	6242.385666682955	-1	3
342	6	6253.298755301507	-1	3
343	7	6236.084725332379	-1	3
344	8	6223.60444081119	-1	3
345	9	6226.492698889101	-1	3
346	10	6229.829649920483	-1	3
347	11	6225.193041565823	-1	3
348	12	6221.13299819212	-1	3
349	13	6217.938864991111	-1	3
350	14	6196.6404598140525	-1	3
351	15	6182.7809585482555	-1	3
352	16	6179.965909508266	-1	3
353	17	6167.332802631163	-1	3
354	18	6178.469726959341	-1	3
355	19	6175.058593828815	-1	3
356	20	6163.742361029585	-1	3
357	21	6155.270486938527	-1	3
358	22	6159.1687065495735	-1	3
359	23	6166.012636759896	-1	3
360	24	6166.044837120077	-1	3
361	25	6149.469861892918	-1	3
362	26	6140.2009471544	-1	3
363	27	6138.169183110928	-1	3
364	28	6132.749979117912	-1	3
365	29	6119.614264190104	-1	3
366	30	6115.028934570347	-1	3
367	31	6109.521698315677	-1	3
368	32	6115.271147968267	-1	3
369	33	6122.422983968486	-1	3
370	34	6119.678837594488	-1	3
371	35	6107.308617902647	-1	3
372	36	6101.685791241979	-1	3
373	37	6108.988646548422	-1	3
374	38	6106.775497635925	-1	3
375	39	6107.64786766119	-1	3
376	40	6104.3035425063545	-1	3
377	41	6104.885210941532	-1	3
378	42	6098.857525923284	-1	3
379	43	6107.938647849587	-1	3
380	44	6109.020953185701	-1	3
381	45	6109.9255144314	-1	3
382	46	6106.856274494859	-1	3
383	47	6101.750431870992	-1	3
384	48	6073.301224261611	-1	3
385	1	6047.495979806161	-1	3
386	2	6044.20474896481	-1	3
387	3	6049.733005593406	-1	3
388	4	6075.340656363514	-1	3
389	5	6068.088238314739	-1	3
390	6	6066.14510439744	-1	3
391	7	6097.095685566736	-1	3
392	8	6117.660804471704	-1	3
393	9	6105.499172967506	-1	3
394	10	6124.537293334839	-1	3
395	11	6138.636832470852	-1	3
396	12	6153.8527354570215	-1	3
397	13	6182.845297212201	-1	3
398	14	6227.1184255102025	-1	3
399	15	6257.783822052087	-1	3
400	16	6267.598937597104	-1	3
401	17	6300.511061214604	-1	3
402	18	6310.733692556249	-1	3
403	19	6319.290629417772	-1	3
404	20	6336.44002661311	-1	3
405	21	6354.7995472501625	-1	3
406	22	6356.185309205448	-1	3
407	23	6351.8205926419505	-1	3
408	24	6346.195867433729	-1	3
409	25	6334.670014293427	-1	3
410	26	6341.764952442669	-1	3
411	27	6332.038590695622	-1	3
412	28	6341.159202516815	-1	3
413	29	6338.656281285506	-1	3
414	30	6332.915774979087	-1	3
415	31	6335.913825052456	-1	3
416	32	6337.285105780608	-1	3
417	33	6337.731546565242	-1	3
418	34	6335.148413296024	-1	3
419	35	6328.513470141773	-1	3
420	36	6314.9647816273755	-1	3
421	37	6318.157390775958	-1	3
422	38	6347.3432636557745	-1	3
423	39	6346.992678170449	-1	3
424	40	6340.266481008093	-1	3
425	41	6342.657599144498	-1	3
426	42	6349.765303050943	-1	3
427	43	6345.717763960681	-1	3
428	44	6344.920896448618	-1	3
429	45	6350.593820257916	-1	3
430	46	6374.095009058756	-1	3
431	47	6405.6363666541165	-1	3
432	48	6416.958087328064	-1	3
433	1	6442.338735719874	-1	3
434	2	6454.873198013492	-1	3
435	3	6471.2611459368145	-1	3
436	4	6465.4201763175515	-1	3
437	5	6468.855336225829	-1	3
438	6	6488.630547599467	-1	3
439	7	6506.030865060998	-1	3
440	8	6532.912802892904	-1	3
441	9	6554.935256830341	-1	3
442	10	6532.234529013492	-1	3
443	11	6507.863179584214	-1	3
444	12	6501.180666473832	-1	3
445	13	6503.629624141023	-1	3
446	14	6500.248396619251	-1	3
447	15	6515.7116296351005	-1	3
448	16	6544.881018743492	-1	3
449	17	6539.930683118101	-1	3
450	18	6540.608673834996	-1	3
451	19	6554.998275547819	-1	3
452	20	6555.518171768986	-1	3
453	21	6559.330297399023	-1	3
454	22	6563.976247654352	-1	3
455	23	6580.61336064154	-1	3
456	24	6605.910329092238	-1	3
457	25	6627.642353237925	-1	3
458	26	6621.677987885469	-1	3
459	27	6632.161446543047	-1	3
460	28	6637.228436402387	-1	3
461	29	6649.913426522812	-1	3
462	30	6666.333152283071	-1	3
463	31	6680.234831552321	-1	2
464	32	6691.4989354139325	-1	2
465	33	6690.6074390744525	-1	2
466	34	6695.283415873809	-1	2
467	35	6706.132226055428	-1	2
468	36	6715.381625394811	-1	2
469	37	6709.976275514019	-1	2
470	38	6689.762824732952	-1	2
471	39	6694.251360092677	-1	2
472	40	6700.020766333583	-1	2
473	41	6700.39595123431	-1	2
474	42	6696.612495507829	-1	2
475	43	6697.5662479426555	-1	2
476	44	6698.03528884788	-1	2
477	45	6691.577134837658	-1	2
478	46	6666.740329468188	-1	3
479	47	6638.216574838593	-1	3
480	48	6632.898833805373	-1	3
481	1	6612.555101515947	-1	3
482	2	6604.543379898448	-1	3
483	3	6583.6967482573245	-1	3
484	4	6554.793463930412	-1	3
485	5	6522.736069978061	-1	3
486	6	6487.175821284408	-1	3
487	7	6440.214468414977	-1	3
488	8	6407.923512947965	-1	3
489	9	6426.162679197429	-1	3
490	10	6460.0999415378465	-1	3
491	11	6499.837550783356	-1	3
492	12	6502.887071531077	-1	3
493	13	6483.649210990513	-1	3
494	14	6448.535738230108	-1	3
495	15	6428.272728218654	-1	3
496	16	6407.574106558487	-1	3
497	17	6404.222638359219	-1	3
498	18	6408.781118168372	-1	3
499	19	6396.898071020454	-1	3
500	20	6391.4146155056715	-1	3
501	21	6387.217452932668	-1	3
502	22	6396.945745930171	-1	3
503	23	6387.837549875717	-1	3
504	24	6386.088503679091	-1	3
505	25	6368.620517121643	-1	3
506	26	6366.264698964506	-1	3
507	27	6366.774091246102	-1	3
508	28	6358.128381151803	-1	3
509	29	6352.856114317033	-1	3
510	30	6350.354828844002	-1	3
511	31	6338.7678839643295	-1	3
512	32	6328.226325584534	-1	3
513	33	6331.129463324647	-1	3
514	34	6331.257062941521	-1	3
515	35	6340.394015381353	-1	3
516	36	6335.929770781996	-1	3
517	37	6338.098257437957	-1	3
518	38	6339.34182959138	-1	3
519	39	6339.565025691707	-1	3
520	40	6334.590279880633	-1	3
521	41	6334.382968741558	-1	3
522	42	6330.092682624973	-1	3
523	43	6323.2643757964815	-1	3
524	44	6327.0138865062545	-1	3
525	45	6330.268142053483	-1	3
526	46	6343.550201294868	-1	3
527	47	6350.370761704172	-1	3
528	48	6356.694987799343	-1	3
529	1	6359.147613370235	-1	3
530	2	6363.080669622588	-1	3
531	3	6370.22802642901	-1	3
532	4	6380.1881945274945	-1	3
533	5	6399.138655587246	-1	3
534	6	6408.495254284048	-1	3
535	7	6411.369568612173	-1	3
536	8	6416.545358065575	-1	3
537	9	6392.241214108759	-1	3
538	10	6351.406367208025	-1	3
539	11	6338.162032473809	-1	3
540	12	6341.366435063925	-1	3
541	13	6353.827857135331	-1	3
542	14	6368.7319332984825	-1	3
543	15	6364.306587798839	-1	3
544	16	6347.152036060578	-1	3
545	17	6332.740341569727	-1	3
546	18	6326.487407039155	-1	3
547	19	6312.665748561826	-1	3
548	20	6308.929186342338	-1	3
549	21	6297.7307663990405	-1	3
550	22	6272.000358587215	-1	3
551	23	6268.1431726568035	-1	3
552	24	6254.404109794353	-1	3
553	25	6253.763333021931	-1	3
554	26	6243.235239325788	-1	3
555	27	6231.91492243828	-1	3
556	28	6225.7064979318675	-1	3
557	29	6221.068800238187	-1	3
558	30	6224.198177112998	-1	3
559	31	6224.310503342979	-1	3
560	32	6221.13299819212	-1	3
561	33	6212.030592518994	-1	3
562	34	6199.565305922409	-1	3
563	35	6190.210505262473	-1	3
564	36	6185.965437479551	-1	3
565	37	6188.8116765568275	-1	3
566	38	6194.470614800777	-1	3
567	39	6193.779422379362	-1	3
568	40	6204.03198364327	-1	3
569	41	6200.240200909392	-1	3
570	42	6203.7588742250255	-1	3
571	43	6213.283055785569	-1	3
572	44	6208.5617651913335	-1	3
573	45	6202.794924546259	-1	3
574	46	6199.276057237377	-1	3
575	47	6193.602601319475	-1	3
576	48	6187.316252899892	-1	3
577	1	6179.5637225244745	-1	3
578	2	6169.892350939653	-1	3
579	3	6156.204850734652	-1	3
580	4	6146.4398752533	-1	3
581	5	6131.39491277918	-1	3
582	6	6130.33014328672	-1	3
583	7	6124.488876932732	-1	3
584	8	6103.915752628999	-1	3
585	9	6062.50113316663	-1	3
586	10	6069.464491332733	-1	3
587	11	6051.872494917965	-1	3
588	12	6047.382499663562	-1	3
589	13	6061.95042107225	-1	3
590	14	6063.003237555301	-1	3
591	15	6050.59207520938	-1	3
592	16	6064.250336270125	-1	3
593	17	6065.594509655811	-1	3
594	18	6061.432087598125	-1	3
595	19	6068.1853892176	-1	3
596	20	6066.501362139046	-1	3
597	21	6064.800974287866	-1	3
598	22	6068.7682830515405	-1	3
599	23	6053.736225325712	-1	3
600	24	6042.79402689168	-1	3
601	25	6034.489478384281	-1	3
602	26	6033.548473225608	-1	3
603	27	6028.891353813843	-1	3
604	28	6028.193487362038	-1	3
605	29	6028.436932401531	-1	3
606	30	6023.5998372400045	-1	3
607	31	6023.859582036173	-1	3
608	32	6019.573284762888	-1	3
609	33	6013.953998019878	-1	3
610	34	6013.710345217607	-1	3
611	35	5999.962652779658	-1	3
612	36	5994.125444793792	-1	3
613	37	5982.5263437823505	-1	3
614	38	5970.70755766637	-1	3
615	39	5968.688092644623	-1	3
616	40	5964.045661445296	-1	3
617	41	5964.550689751077	-1	3
618	42	5969.958429554624	-1	3
619	43	5962.0905701556085	-1	3
620	44	5960.59151284302	-1	3
621	45	5963.182190821721	-1	3
622	46	5949.39323401137	-1	3
623	47	5949.39323401137	-1	3
624	48	5942.657627940913	-1	3
625	1	5940.455329378058	-1	3
626	2	5945.854524130679	-1	3
627	3	5948.137648228705	-1	3
628	4	5958.864172324074	-1	3
629	5	5969.388418440502	-1	3
630	6	5975.755160862157	-1	3
631	7	5978.734165309032	-1	3
632	8	5980.6710497012655	-1	3
633	9	5981.354602843669	-1	3
634	10	5980.394365552293	-1	3
635	11	5990.596126907373	-1	3
636	12	5972.661648038428	-1	3
637	13	5938.415905837214	-1	3
638	14	5926.745624265243	-1	3
639	15	5928.133426993006	-1	3
640	16	5911.880739996027	-1	3
641	17	5897.624140104784	-1	3
642	18	5884.632147492612	-1	3
643	19	5878.492593671534	-1	3
644	20	5866.796590572135	-1	3
645	21	5860.896309888502	-1	3
646	22	5853.632794210524	-1	3
647	23	5852.205949529604	-1	3
648	24	5847.563750454173	-1	3
649	25	5842.280223591286	-1	3
650	26	5838.849946642425	-1	3
651	27	5842.624853072523	-1	3
652	28	5837.553148648216	-1	3
653	29	5831.9872474649355	-1	3
654	30	5816.001484287204	-1	3
655	31	5801.645383279536	-1	3
656	32	5810.59270120655	-1	3
657	33	5808.07676218231	-1	3
658	34	5810.80645599415	-1	3
659	35	5809.079895304591	-1	3
660	36	5810.165183264883	-1	3
661	37	5804.392598539314	-1	3
662	38	5796.3305974305185	-1	3
663	39	5790.586052731725	-1	3
664	40	5783.307824625637	-1	3
665	41	5781.051243805951	-1	3
666	42	5774.741042076496	-1	3
667	43	5767.686538243981	-1	3
668	44	5758.435226676432	-1	3
669	45	5747.891210693909	-1	3
670	46	5745.596690237196	-1	3
671	47	5745.183972223255	-1	3
672	48	5747.924223005918	-1	3
673	1	5766.961135449332	-1	3
674	2	5780.0958088999905	-1	3
675	3	5784.24660203153	-1	3
676	4	5788.824426496535	-1	3
677	5	5796.8572167923685	-1	3
678	6	5809.458109877494	-1	3
679	7	5843.314090408314	-1	3
680	8	5862.519096997109	-1	3
681	9	5898.016687063429	-1	3
682	10	5906.666725320329	-1	3
683	11	5897.722277713139	-1	3
684	12	5908.693683499873	-1	3
685	13	5912.550761524428	-1	3
686	14	5906.813851554497	-1	3
687	15	5928.068121212988	-1	3
688	16	5942.478192223776	-1	3
689	17	5951.708483459274	-1	3
690	18	5957.104057820292	-1	3
691	19	5947.420128435534	-1	3
692	20	5942.657627940913	-1	3
693	21	5946.5558024666125	-1	3
694	22	5956.012042230345	-1	3
695	23	5958.277487978606	-1	3
696	24	5966.065683688487	-1	3
697	25	5969.974715302829	-1	3
698	26	5988.530239318582	-1	3
699	27	5990.156943609612	-1	3
700	28	5988.530239318582	-1	3
701	29	5986.7406835798665	-1	3
702	30	6004.595214241652	-1	3
703	31	6019.4758563378355	-1	3
704	32	6023.713476077084	-1	3
705	33	6029.118559964836	-1	3
706	34	6037.831248585589	-1	3
707	35	6050.835200265833	-1	3
708	36	6066.8252263747645	-1	3
709	37	6075.146435196345	-1	3
710	38	6097.693761707355	-1	3
711	39	6112.751962283685	-1	3
712	40	6126.5706596732825	-1	3
713	41	6127.797018893881	-1	3
714	42	6137.733774072178	-1	3
715	43	6144.715125023166	-1	3
716	44	6166.849826744125	-1	3
717	45	6193.554377083339	-1	3
718	46	6216.65462735283	-1	3
719	47	6235.507426997965	-1	3
720	48	6249.661810106496	-1	3
721	1	6267.598937597104	-1	3
722	2	6268.991505652983	-1	3
723	3	6273.168551802389	-1	3
724	4	6284.51041891507	-1	3
725	5	6293.6394261287915	-1	3
726	6	6281.615653921761	-1	3
727	7	6286.74913935781	-1	3
728	8	6285.325985534705	-1	3
729	9	6277.936540558842	-1	3
730	10	6295.461467552651	-1	3
731	11	6312.6497820162995	-1	3
732	12	6328.178467709089	-1	3
733	13	6334.462704079796	-1	3
734	14	6335.547069344706	-1	3
735	15	6310.206731784408	-1	3
736	16	6301.102217228962	-1	3
737	17	6303.514568963813	-1	3
738	18	6306.629373305779	-1	3
739	19	6324.6206727974895	-1	3
740	20	6349.605968423515	-1	3
741	21	6353.349957418275	-1	3
742	22	6362.029815942516	-1	3
743	23	6387.137951780541	-1	3
744	24	6403.364816679487	-1	3
745	25	6412.258766663061	-1	3
746	26	6402.920004207932	-1	3
747	27	6405.000996842467	-1	3
748	28	6416.831094711591	-1	3
749	29	6436.171332863683	-1	3
750	30	6432.2859030125055	-1	3
751	31	6434.411098352219	-1	3
752	32	6443.258117673369	-1	3
753	33	6448.107880128063	-1	3
754	34	6460.6542051453325	-1	3
755	35	6459.64068177232	-1	3
756	36	6455.094969129859	-1	3
757	37	6454.255392797224	-1	3
758	38	6440.357150868483	-1	3
759	39	6433.332672130667	-1	3
760	40	6422.275103402414	-1	3
761	41	6421.116603115542	-1	3
762	42	6422.497273069707	-1	3
763	43	6432.761714645791	-1	3
764	44	6424.956826575253	-1	3
765	45	6422.925735445562	-1	3
766	46	6424.449075143156	-1	3
767	47	6433.824315565021	-1	3
768	48	6444.605403732489	-1	3
769	1	6439.833976391301	-1	3
770	2	6442.608214560953	-1	3
771	3	6462.14271537866	-1	3
772	4	6457.787688546576	-1	3
773	5	6473.856532297814	-1	3
774	6	6493.199533609218	-1	3
775	7	6474.505321228781	-1	3
776	8	6472.448106230747	-1	3
777	9	6465.135203107712	-1	3
778	10	6429.7480301092955	-1	3
779	11	6413.7988812507965	-1	3
780	12	6400.9182124460085	-1	3
781	13	6405.7475540732285	-1	3
782	14	6428.463096499834	-1	3
783	15	6444.637103378069	-1	3
784	16	6458.437049511733	-1	3
785	17	6449.755870859088	-1	3
786	18	6455.490982259881	-1	3
787	19	6458.595426722447	-1	3
788	20	6458.405373904301	-1	3
789	21	6462.696916845664	-1	3
790	22	6465.657650589659	-1	3
791	23	6465.451839732572	-1	3
792	24	6464.56524332313	-1	3
793	25	6479.362593765711	-1	3
794	26	6491.840023750751	-1	3
795	27	6506.615330085947	-1	3
796	28	6515.743206160243	-1	3
797	29	6512.980054782555	-1	3
798	30	6521.473447108006	-1	3
799	31	6521.23669566841	-1	3
800	32	6514.559049322608	-1	3
801	33	6526.065822107092	-1	3
802	34	6512.301045390109	-1	3
803	35	6513.627458962557	-1	3
804	36	6521.757544812038	-1	3
805	37	6545.401199825945	-1	3
806	38	6554.147504731411	-1	3
807	39	6552.981569997458	-1	3
808	40	6571.5017874315145	-1	3
809	41	6591.151396472631	-1	3
810	42	6599.89185854501	-1	3
811	43	6605.674655354093	-1	3
812	44	6625.633516541335	-1	3
813	45	6623.9854814066375	-1	3
814	46	6627.956214465052	-1	3
815	47	6626.873370952694	-1	3
816	48	6632.27127202054	-1	3
817	1	6627.971907388045	-1	3
818	2	6612.539395627172	-1	3
819	3	6598.115802192712	-1	3
820	4	6600.6148063918945	-1	3
821	5	6588.776928171285	-1	3
822	6	6593.5570053057445	-1	3
823	7	6591.434425436208	-1	3
824	8	6580.770688738654	-1	3
825	9	6574.7283314385195	-1	3
826	10	6576.616779573414	-1	3
827	11	6581.116805856988	-1	3
828	12	6615.9315604975745	-1	3
829	13	6632.898833805373	-1	3
830	14	6624.205227825743	-1	3
831	15	6612.036800200689	-1	3
832	16	6588.289417001043	-1	3
833	17	6586.999809640939	-1	3
834	18	6572.7609933867625	-1	3
835	19	6563.362104192617	-1	3
836	20	6550.208240402928	-1	3
837	21	6553.060351688826	-1	3
838	22	6544.408114126544	-1	3
839	23	6535.168278287692	-1	3
840	24	6523.872356454965	-1	3
841	25	6531.0987586812635	-1	3
842	26	6525.418855831536	-1	3
843	27	6512.837938615099	-1	3
844	28	6500.769841533909	-1	3
845	29	6484.376728884183	-1	3
846	30	6471.815070348271	-1	3
847	31	6455.617704641868	-1	3
848	32	6450.0093946396055	-1	3
849	33	6428.84382706447	-1	3
850	34	6431.159765747464	-1	3
851	35	6434.823420849584	-1	3
852	36	6424.544279620714	-1	3
853	37	6399.186324576269	-1	3
854	38	6393.878403292415	-1	3
855	39	6389.729508618686	-1	3
856	40	6373.172101159022	-1	3
857	41	6348.4746517909525	-1	3
858	42	6329.151552615914	-1	3
859	43	6309.75960131468	-1	3
860	44	6288.044269937637	-1	3
861	45	6280.512000172693	-1	3
862	46	6270.688049522331	-1	3
863	47	6248.540133739207	-1	3
864	48	6230.230683088744	-1	3
865	1	6226.380386622202	-1	3
866	2	6227.359083657741	-1	3
867	3	6219.832943827007	-1	3
868	4	6215.338186121497	-1	3
869	5	6219.319315546111	-1	3
870	6	6205.815122698675	-1	3
871	7	6198.199367285895	-1	3
872	8	6198.215437772755	-1	3
873	9	6196.286873821583	-1	3
874	10	6189.503065676906	-1	3
875	11	6169.32896068348	-1	3
876	12	6128.006782147904	-1	3
877	13	6108.261731189956	-1	3
878	14	6110.3293210822185	-1	3
879	15	6116.788941138256	-1	3
880	16	6137.798279806153	-1	3
881	17	6138.540078467508	-1	3
882	18	6142.087371725424	-1	3
883	19	6139.362470258043	-1	3
884	20	6167.01082019695	-1	3
885	21	6161.89049811077	-1	3
886	22	6160.31223305976	-1	3
887	23	6145.537223647186	-1	3
888	24	6152.193174638147	-1	3
889	25	6137.782153395193	-1	3
890	26	6136.491991826949	-1	3
891	27	6137.524128776261	-1	3
892	28	6133.959770054636	-1	3
893	29	6145.553342838171	-1	3
894	30	6146.407638505491	-1	3
895	31	6155.383257651861	-1	3
896	32	6155.15771549247	-1	3
897	33	6162.051537503737	-1	3
898	34	6158.717717646334	-1	3
899	35	6149.48597742733	-1	3
900	36	6144.279880547946	-1	3
901	37	6141.297355676256	-1	3
902	38	6140.410560033666	-1	3
903	39	6138.765836967362	-1	3
904	40	6128.652191573914	-1	3
905	41	6125.263523078755	-1	3
906	42	6132.50801077431	-1	3
907	43	6129.491187793238	-1	3
908	44	6125.925172483031	-1	3
909	45	6119.436686082057	-1	3
910	46	6113.3979424266645	-1	3
911	47	6126.32860480347	-1	3
912	48	6123.827172498844	-1	3
913	1	6115.190410547003	-1	3
914	2	6106.937050974866	-1	3
915	3	6097.321987093725	-1	3
916	4	6077.201830899929	-1	3
917	5	6055.891416337043	-1	3
918	6	6051.1917774152225	-1	3
919	7	6062.160989556309	-1	3
920	8	6068.622561454541	-1	3
921	9	6066.7766471302875	-1	3
922	10	6085.7606320372215	-1	3
923	11	6096.303606762344	-1	3
924	12	6113.074955381287	-1	3
925	13	6109.618615046719	-1	3
926	14	6115.529505175975	-1	3
927	15	6112.170559454687	-1	3
928	16	6102.235228847715	-1	3
929	17	6112.267461288204	-1	3
930	18	6115.0773775221205	-1	3
931	19	6116.352992944132	-1	3
932	20	6093.587630857074	-1	3
933	21	6093.19959925528	-1	3
934	22	6091.582706570693	-1	3
935	23	6091.0167581728965	-1	3
936	24	6098.8090373200575	-1	3
937	25	6101.734271736499	-1	3
938	26	6103.237099318348	-1	3
939	27	6112.186709798101	-1	3
940	28	6131.669160966933	-1	3
941	29	6131.604632372942	-1	3
942	30	6128.716731190741	-1	3
943	31	6131.201323203854	-1	3
944	32	6132.927420418047	-1	3
945	33	6136.621012312407	-1	3
946	34	6143.973590844046	-1	3
947	35	6150.968542527433	-1	3
948	36	6162.244782805115	-1	3
949	37	6178.453638276725	-1	3
950	38	6183.536922854818	-1	3
951	39	6194.808163949568	-1	3
952	40	6206.023946917197	-1	3
953	41	6224.64747771968	-1	3
954	42	6217.457286901273	-1	3
955	43	6235.058404077322	-1	3
956	44	6235.972474362892	-1	3
957	45	6238.730433575813	-1	3
958	46	6245.527277981992	-1	3
959	47	6244.0206568046215	-1	3
960	48	6258.0400771428895	-1	3
961	1	6256.086038064383	-1	3
962	2	6261.627257795036	-1	3
963	3	6270.59202308387	-1	3
964	4	6276.704666544519	-1	3
965	5	6277.904544915651	-1	3
966	6	6283.646836873857	-1	3
967	7	6316.337673695253	-1	3
968	8	6355.420764136749	-1	3
969	9	6407.717046352709	-1	3
970	10	6451.815649297062	-1	3
971	11	6482.130819511281	-1	3
972	12	6491.191849786499	-1	3
973	13	6488.0455085310905	-1	3
974	14	6464.232758551969	-1	3
975	15	6471.451064772129	-1	3
976	16	6467.114091800034	-1	3
977	17	6459.925740920915	-1	3
978	18	6458.975526408741	-1	3
979	19	6453.098931788814	-1	3
980	20	6440.182761050832	-1	3
981	21	6437.788695144207	-1	3
982	22	6444.621253562188	-1	3
983	23	6451.261116508383	-1	3
984	24	6436.631185822432	-1	3
985	25	6433.1740746319965	-1	3
986	26	6428.875554250569	-1	3
987	27	6411.385447532305	-1	3
988	28	6392.273005605668	-1	3
989	29	6401.966797720645	-1	3
990	30	6399.758342622211	-1	3
991	31	6396.4689911623755	-1	3
992	32	6391.939192091367	-1	3
993	33	6395.92865385709	-1	3
994	34	6387.137951780541	-1	3
995	35	6386.37472286296	-1	3
996	36	6383.544133161508	-1	3
997	37	6372.026356442604	-1	3
998	38	6363.542388897609	-1	3
999	39	6357.07723723392	-1	3
1000	40	6353.73227821177	-1	3
1001	41	6345.478707433531	-1	3
1002	42	6338.082313643447	-1	3
1003	43	6318.843727011732	-1	3
1004	44	6318.269121732395	-1	3
1005	45	6314.533735540724	-1	3
1006	46	6303.147145799504	-1	3
1007	47	6305.000159104306	-1	3
1008	48	6290.602274616994	-1	3
1009	1	6299.296733101569	-1	3
1010	2	6307.875142280636	-1	3
1011	3	6310.558040699624	-1	3
1012	4	6317.854117504739	-1	3
1013	5	6311.08499106799	-1	3
1014	6	6302.875567274286	-1	3
1015	7	6259.145134597396	-1	3
1016	8	6223.492110061942	-1	3
1017	9	6176.040167580959	-1	3
1018	10	6141.087753532121	-1	3
1019	11	6120.760406199674	-1	3
1020	12	6123.843311933067	-1	3
1021	13	6128.910348595021	-1	3
1022	14	6130.556008962481	-1	3
1023	15	6130.378543322835	-1	3
1024	16	6147.922700842667	-1	3
1025	17	6145.27931455217	-1	3
1026	18	6163.887281106054	-1	3
1027	19	6175.364335848708	-1	3
1028	20	6185.016587912469	-1	3
1029	21	6194.22950427205	-1	3
1030	22	6200.6258434904885	-1	3
1031	23	6203.292971846619	-1	3
1032	24	6243.97257102714	-1	3
1033	25	6260.3141780347705	-1	3
1034	26	6270.431977860829	-1	3
1035	27	6295.029948329258	-1	3
1036	28	6313.767405619266	-1	3
1037	29	6303.881984532971	-1	3
1038	30	6330.347895769011	-1	3
1039	31	6344.092116583407	-1	3
1040	32	6353.222515340615	-1	3
1041	33	6360.389724311043	-1	3
1042	34	6366.32837379019	-1	3
1043	35	6368.4772667356665	-1	3
1044	36	6366.821846031451	-1	3
1045	37	6395.086331062851	-1	3
1046	38	6409.972169015873	-1	3
1047	39	6415.275362814157	-1	3
1048	40	6430.414256129097	-1	3
1049	41	6444.589553888963	-1	3
1050	42	6484.977700093482	-1	3
1051	43	6515.269552584571	-1	3
1052	44	6529.126768796719	-1	3
1053	45	6550.885853683475	-1	3
1054	46	6572.902648702755	-1	3
1055	47	6588.242237821752	-1	3
1056	48	6607.088653059491	-1	3
1057	1	6622.196021455634	-1	3
1058	2	6621.5994966967855	-1	3
1059	3	6632.710567481036	-1	3
1060	4	6669.386766239531	-1	3
1061	5	6706.710446015921	-1	2
1062	6	6753.004519575632	-1	2
1063	7	6782.243114074786	-1	2
1064	8	6817.046804607825	-1	1
1065	9	6844.57448258876	-1	1
1066	10	6872.651675093479	0	1
1067	11	6920.186282150072	0	2
1068	12	6958.537938254889	0	2
1069	13	7003.1870256516795	0	2
1070	14	7073.116114437024	0	2
1071	15	7113.284838664427	0	2
1072	16	7131.886514532796	0	2
1073	17	7180.115695568785	0	2
1074	18	7213.615965633906	0	1
1075	19	7248.7791002893655	1	1
1076	20	7288.707381455471	1	2
1077	21	7327.467875953593	1	2
1078	22	7360.017751737327	1	2
1079	23	7397.271652650167	1	2
1080	24	7394.569739324824	1	2
1081	25	7416.6879682052795	1	2
1082	26	7435.905486577618	1	3
1083	27	7444.099600568378	1	3
1084	28	7450.61946805248	1	3
1085	29	7475.596087315493	1	3
1086	30	7479.956434721701	1	3
1087	31	7494.008663507393	1	3
1088	32	7506.970507211896	1	3
1089	33	7516.84801886454	1	3
1090	34	7537.084044501104	1	3
1091	35	7545.55374937564	1	3
1092	36	7567.873638468187	1	3
1093	37	7570.912728383575	1	3
1094	38	7587.4778957503895	1	3
1095	39	7606.5411399343075	1	3
1096	40	7605.778935675483	1	3
1097	41	7623.6611843268	1	3
1098	42	7612.697561916695	1	3
1099	43	7617.567654457039	1	3
1100	44	7624.7512660586235	1	3
1101	45	7635.156525635314	1	3
1102	46	7641.961263085721	1	3
1103	47	7643.42340417091	1	3
1104	48	7653.044206481051	1	3
1105	1	7671.140575603212	1	3
1106	2	7691.1869083302	1	3
1107	3	7704.892931558758	1	3
1108	4	7708.849847830833	1	3
1109	5	7735.161394508361	1	3
1110	6	7727.092926722379	1	3
1111	7	7725.0121743340105	1	3
1112	8	7726.394410580207	1	3
1113	9	7748.988235945442	1	3
1114	10	7771.825689387829	1	3
1115	11	7765.402745692107	1	3
1116	12	7758.695953282563	1	3
1117	13	7758.799835207949	1	3
1118	14	7746.80563247432	1	3
1119	15	7751.452682546022	1	3
1120	16	7763.132756212944	1	3
1121	17	7761.648975744866	1	3
1122	18	7756.499477090151	1	3
1123	19	7779.655277600851	1	3
1124	20	7792.6983857446385	1	3
1125	21	7796.372772226254	1	3
1126	22	7790.683138733571	1	3
1127	23	7794.994949280611	1	3
1128	24	7811.286255745998	1	3
1129	25	7808.7248765928225	1	3
1130	26	7825.612643663292	1	3
1131	27	7826.722254351876	1	3
1132	28	7829.547810996653	1	3
1133	29	7830.834724776965	1	3
1134	30	7835.242205985993	1	3
1135	31	7833.866811288717	1	3
1136	32	7837.741360002617	1	3
1137	33	7838.584206202838	1	3
1138	34	7835.316149511896	1	3
1139	35	7851.104821084311	1	3
1140	36	7851.311713885968	1	3
1141	37	7853.2475457090095	1	3
1142	38	7845.769274416992	1	3
1143	39	7845.044959763977	1	3
1144	40	7848.81409298042	1	3
1145	41	7839.160871926746	1	3
1146	42	7841.408246061681	1	3
1147	43	7835.9372653594255	1	3
1148	44	7844.542360148472	1	3
1149	45	7834.739383446373	1	3
1150	46	7839.530521529248	1	3
1151	47	7840.402870084529	1	3
1152	48	7847.661249801059	1	3
1153	1	7836.51400015564	1	3
1154	2	7841.615229558538	1	3
1155	3	7844.128446007641	1	3
1156	4	7821.010862419943	1	3
1157	5	7795.898692356075	1	3
1158	6	7775.370110726355	1	3
1159	7	7757.271237102061	1	3
1160	8	7745.216797558344	1	3
1161	9	7746.315630293269	1	3
1162	10	7717.8171839792885	1	3
1163	11	7696.3369831391365	1	3
1164	12	7692.050300973671	1	3
1165	13	7690.115062743353	1	3
1166	14	7680.883087414541	1	3
1167	15	7658.233183736551	1	3
1168	16	7655.81778053029	1	3
1169	17	7644.094762254115	1	3
1170	18	7636.84298771777	1	3
1171	19	7596.809791398088	1	3
1172	20	7566.825576072208	1	3
1173	21	7549.330300435067	1	3
1174	22	7560.191643922706	1	3
1175	23	7562.857444802499	1	3
1176	24	7544.714424777071	1	3
1177	25	7529.6609086651615	1	3
1178	26	7504.763199270004	1	3
1179	27	7500.738398930462	1	3
1180	28	7504.297683165095	1	3
1181	29	7496.817987670776	1	3
1182	30	7488.644370802966	1	3
1183	31	7485.4281470449505	1	3
1184	32	7482.316660499432	1	3
1185	33	7491.289122330505	1	3
1186	34	7492.866799349266	1	3
1187	35	7491.4994860741745	1	3
1188	36	7498.350188946358	1	3
1189	37	7505.709216577032	1	3
1190	38	7510.168443056735	1	3
1191	39	7517.733467476659	1	3
1192	40	7530.590817312352	1	3
1193	41	7531.340713978174	1	3
1194	42	7537.593821279521	1	3
1195	43	7541.581652995059	1	3
1196	44	7528.640962024523	1	3
1197	45	7523.015375655937	1	3
1198	46	7506.610146128504	1	3
1199	47	7518.108646410256	1	3
1200	48	7503.006197770687	1	3
1201	1	7501.909875046585	1	3
1202	2	7496.352296650247	1	3
1203	3	7499.116247946453	1	3
1204	4	7507.345876816903	1	3
1205	5	7514.401587185905	1	3
1206	6	7522.640283526438	1	3
1207	7	7562.572908911886	1	3
1208	8	7613.026253229486	1	3
1209	9	7631.245813141761	1	3
1210	10	7668.130533636031	1	3
1211	11	7703.182011533279	1	3
1212	12	7709.786906704173	1	3
1213	13	7726.75110247219	1	3
1214	14	7729.693587808965	1	3
1215	15	7739.484151728188	1	3
1216	16	7736.825237509317	1	3
1217	17	7751.333920408775	1	3
1218	18	7770.935786478124	1	3
1219	19	7794.994949280611	1	3
1220	20	7831.929282068078	1	3
1221	21	7840.4324406187725	1	3
1222	22	7832.269471255944	1	3
1223	23	7824.236648911827	1	3
1224	24	7834.266128248432	1	3
1225	25	7859.999466695702	1	3
1226	26	7876.2134066113695	1	3
1227	27	7895.188466709715	1	3
1228	28	7899.966568353187	1	3
1229	29	7912.99790858821	1	3
1230	30	7925.093731663094	1	3
1231	31	7939.273307843402	1	3
1232	32	7937.197732061932	1	3
1233	33	7927.61225694555	1	3
1234	34	7924.578209039019	1	3
1235	35	7925.020086302087	1	3
1236	36	7922.147727871072	1	3
1237	37	7908.753240495818	1	3
1238	38	7907.382393856135	1	3
1239	39	7902.355234853958	1	3
1240	40	7896.56006375869	1	3
1241	41	7896.338844143313	1	3
1242	42	7885.097993469927	1	3
1243	43	7873.260930084087	1	3
1244	44	7867.3991004857535	1	3
1245	45	7866.143847503026	1	3
1246	46	7863.1752607279395	1	3
1247	47	7833.216057071906	1	3
1248	48	7825.464691355713	1	3
1249	1	7800.861209441853	1	3
1250	2	7784.488059989159	1	3
1251	3	7761.5154305686565	1	3
1252	4	7736.617264074393	1	3
1253	5	7707.347494542777	1	3
1254	6	7686.139839369541	1	3
1255	7	7654.2222734111165	1	3
1256	8	7583.932503425614	1	3
1257	9	7541.77652785707	1	3
1258	10	7503.336585259214	1	3
1259	11	7484.631529931014	1	3
1260	12	7468.151340715139	1	3
1261	13	7428.1452392986275	1	3
1262	14	7404.379485100807	1	2
1263	15	7380.843440984325	1	2
1264	16	7369.677542297402	1	2
1265	17	7347.479017961718	1	2
1266	18	7307.240265028336	1	2
1267	19	7274.2729203974	1	1
1268	20	7220.878753218373	0	1
1269	21	7185.011588955821	0	2
1270	22	7150.0432602335595	0	2
1271	23	7113.330752173118	0	2
1272	24	7085.794369752276	0	2
1273	25	7061.519263656296	0	2
1274	26	7044.602748727659	0	2
1275	27	7016.0022562551785	0	2
1276	28	6997.5383002380495	0	2
1277	29	6977.423705363853	0	2
1278	30	6968.592051067721	0	2
1279	31	6955.54538262928	0	2
1280	32	6960.296237430316	0	2
1281	33	6957.890104102969	0	2
1282	34	6954.480909979	0	2
1283	35	6950.978541381768	0	2
1284	36	6959.756425495241	0	2
1285	37	6979.118682734703	0	2
1286	38	6993.011996387913	0	2
1287	39	6997.507512563616	0	2
1288	40	6997.769206265005	0	2
1289	41	7006.280056973157	0	2
1290	42	7023.336892452603	0	2
1291	43	7034.402900082143	0	2
1292	44	7052.218496382556	0	2
1293	45	7063.161027005331	0	2
1294	46	7090.176996936872	0	2
1295	47	7126.197698896703	0	2
1296	48	7162.871499532741	0	2
1297	1	7194.083404326271	0	1
1298	2	7223.420877884902	0	1
1299	3	7252.229764654429	1	1
1300	4	7283.365840444368	1	1
1301	5	7320.697243170569	1	2
1302	6	7341.153834908232	1	2
1303	7	7342.531012978375	1	2
1304	8	7357.719299277258	1	2
1305	9	7342.107275637578	1	2
1306	10	7307.437333704676	1	2
1307	11	7289.435665837385	1	2
1308	12	7300.235523032368	1	2
1309	13	7338.580839164003	1	2
1310	14	7375.253686308036	1	2
1311	15	7414.968836263533	1	2
1312	16	7437.713286905887	1	3
1313	17	7451.402318342259	1	3
1314	18	7467.399199776726	1	3
1315	19	7491.4994860741745	1	3
1316	20	7514.52166404331	1	3
1317	21	7531.790639267183	1	3
1318	22	7557.540488851717	1	3
1319	23	7584.605724384799	1	3
1320	24	7599.889620742604	1	3
1321	25	7594.566918584038	1	3
1322	26	7590.394550179802	1	3
1323	27	7595.86781342364	1	3
1324	28	7604.941974304645	1	3
1325	29	7610.531061431007	1	3
1326	30	7618.658045327393	1	3
1327	31	7617.821586042134	1	3
1328	32	7621.70487164008	1	3
1329	33	7619.912673192344	1	3
1330	34	7621.70487164008	1	3
1331	35	7624.557145959676	1	3
1332	36	7617.866397186709	1	3
1333	37	7591.979846866016	1	3
1334	38	7574.984131374923	1	3
1335	39	7564.145296618512	1	3
1336	40	7556.881393468297	1	3
1337	41	7540.322418524577	1	3
1338	42	7519.399211238409	1	3
1339	43	7512.900569045843	1	3
1340	44	7497.073362261923	1	3
1341	45	7487.682560845712	1	3
1342	46	7468.181425793891	1	3
1343	47	7438.3761079815795	1	3
1344	48	7407.034869381491	1	2
1345	1	7405.2545922244235	1	2
1346	2	7395.6565845358655	1	2
1347	3	7389.481946521691	1	2
1348	4	7392.00335218824	1	2
1349	5	7389.904718460175	1	2
1350	6	7386.537404002877	1	2
1351	7	7377.610630869002	1	2
1352	8	7358.913921475671	1	2
1353	9	7369.9798106699245	1	2
1354	10	7406.008965481677	1	2
1355	11	7421.48269483236	1	2
1356	12	7398.599839255119	1	2
1357	13	7368.362623710425	1	2
1358	14	7353.666144239861	1	2
1359	15	7342.107275637578	1	2
1360	16	7318.167152821553	1	2
1361	17	7316.167101404477	1	2
1362	18	7303.328819746118	1	2
1363	19	7288.373575822125	1	2
1364	20	7270.8715274226215	1	1
1365	21	7280.299896847443	1	1
1366	22	7272.374891213167	1	1
1367	23	7268.107480060293	1	1
1368	24	7256.591665620553	1	1
1369	25	7255.421490798445	1	1
1370	26	7254.175257001064	1	1
1371	27	7250.557709280402	1	1
1372	28	7238.803859771594	1	1
1373	29	7241.313334718253	1	1
1374	30	7227.788937982017	0	1
1375	31	7220.711296740106	0	1
1376	32	7205.680271032465	0	1
1377	33	7213.585508236075	0	1
1378	34	7217.026905669208	0	1
1379	35	7228.260693323697	0	1
1380	36	7213.859623174727	0	1
1381	37	7218.077481837452	0	1
1382	38	7229.6758938392595	0	1
1383	39	7227.743283659754	0	1
1384	40	7232.825503647347	0	1
1385	41	7228.184604491037	0	1
1386	42	7225.35389804185	0	1
1387	43	7214.225104013514	0	1
1388	44	7214.392613870094	0	1
1389	45	7213.798709063145	0	1
1390	46	7204.324343417339	0	1
1391	47	7196.35453460767	0	1
1392	48	7183.6695303200395	0	2
1393	1	7176.805339850648	0	2
1394	2	7156.641658990562	0	2
1395	3	7140.172178678501	0	2
1396	4	7121.624069133663	0	2
1397	5	7080.031130953942	0	2
1398	6	7050.591182556903	0	2
1399	7	7036.784357898211	0	2
1400	8	7045.186316517726	0	2
1401	9	7027.564221938494	0	2
1402	10	6992.226715487473	0	2
1403	11	6959.941505545663	0	2
1404	12	6980.520780950778	0	2
1405	13	6994.443898702584	0	2
1406	14	6982.616038289365	0	2
1407	15	6984.942129002	0	2
1408	16	6981.953591326313	0	2
1409	17	6977.932213906336	0	2
1410	18	6977.901395580903	0	2
1411	19	6968.484135466847	0	2
1412	20	6972.260828958622	0	2
1413	21	6956.856610100483	0	2
1414	22	6954.24949523509	0	2
1415	23	6950.299595764801	0	2
1416	24	6957.874679219581	0	2
1417	25	6962.563285450483	0	2
1418	26	6966.572389423822	0	2
1419	27	6970.67316459746	0	2
1420	28	6982.770092528219	0	2
1421	29	6981.352748059308	0	2
1422	30	6986.266799606439	0	2
1423	31	6994.397709928111	0	2
1424	32	6996.968720484254	0	2
1425	33	6986.790482019954	0	2
1426	34	6985.049954358563	0	2
1427	35	6958.507089494595	0	2
1428	36	6956.162441770094	0	2
1429	37	6947.552712034623	0	2
1430	38	6929.750354816889	0	2
1431	39	6934.770005290007	0	2
1432	40	6931.24866238231	0	2
1433	41	6949.759508590662	0	2
1434	42	6958.059777019841	0	2
1435	43	6964.059085343855	0	2
1436	44	6963.565638180503	0	2
1437	45	6961.499193475409	0	2
1438	46	6968.14496829119	0	2
1439	47	6970.9352151240455	0	2
1440	48	6970.441940643192	0	2
1441	1	6949.975545246482	0	2
1442	2	6945.638924949702	0	2
1443	3	6934.028722647995	0	2
1444	4	6928.251932353252	0	2
1445	5	6936.036298132657	0	2
1446	6	6963.519376873164	0	2
1447	7	7001.463335314414	0	2
1448	8	7053.738225825756	0	2
1449	9	7110.973722923209	0	2
1450	10	7134.2105137218305	0	2
1451	11	7135.464138640238	0	2
1452	12	7085.012751326027	0	2
1453	13	7047.489706218857	0	2
1454	14	7017.847703658907	0	2
1455	15	6982.754687158569	0	2
1456	16	6966.094423842856	0	2
1457	17	6947.799638684739	0	2
1458	18	6932.268063721499	0	2
1459	19	6938.228952817332	0	2
1460	20	6926.985135051799	0	2
1461	21	6923.122440924822	0	2
1462	22	6915.564800483064	0	2
1463	23	6916.105833189045	0	2
1464	24	6919.166249922091	0	2
1465	25	6910.787603070524	0	2
1466	26	6902.652850291385	0	1
1467	27	6892.580223238502	0	1
1468	28	6883.338522803141	0	1
1469	29	6879.714947310165	0	1
1470	30	6878.352060022563	0	1
1471	31	6883.942386276478	0	1
1472	32	6875.858347848694	0	1
1473	33	6883.152714877734	0	1
1474	34	6905.638049703963	0	1
1475	35	6917.419707275767	0	2
1476	36	6929.5495419798635	0	2
1477	37	6938.7693581220765	0	2
1478	38	6949.327428133824	0	2
1479	39	6946.719311610638	0	2
1480	40	6959.06235975944	0	2
1481	41	6963.488535941052	0	2
1482	42	6971.952554648362	0	2
1483	43	6975.2046051646275	0	2
1484	44	6981.291122071939	0	2
1485	45	6983.109007610934	0	2
1486	46	6981.275715544954	0	2
1487	47	6984.295164465651	0	2
1488	48	6993.828039481647	0	2
1489	1	7003.61792472634	0	2
1490	2	7020.876940029039	0	2
1491	3	7029.408592188765	0	2
1492	4	7023.9979525698245	0	2
1493	5	7027.28755159517	0	2
1494	6	7018.693476201703	0	2
1495	7	6988.854271302845	0	2
1496	8	6941.393971611059	0	2
1497	9	6890.026424091448	0	1
1498	10	6873.3333310935095	0	1
1499	11	6895.365803282165	0	1
1500	12	6928.931643382235	0	2
1501	13	6950.176148580124	0	2
1502	14	6963.658160468184	0	2
1503	15	6971.012288143451	0	2
1504	16	6985.065357932738	0	2
1505	17	6985.8817301265335	0	2
1506	18	6995.013551360685	0	2
1507	19	6986.4054227765655	0	2
1508	20	6995.075134446362	0	2
1509	21	7002.571439233671	0	2
1510	22	7010.618717660947	0	2
1511	23	7009.449526976976	0	2
1512	24	7007.080165332556	0	2
1513	25	7019.508459183481	0	2
1514	26	7028.809190684202	0	2
1515	27	7038.981191320167	0	2
1516	28	7039.119445429802	0	2
1517	29	7028.255880897323	0	2
1518	30	7013.172235822946	0	2
1519	31	6992.596263336555	0	2
1520	32	6993.935816233647	0	2
1521	33	6978.486935510043	0	2
1522	34	6946.194559818586	0	2
1523	35	6934.754562188253	0	2
1524	36	6917.867949950837	0	2
1525	37	6912.039991354694	0	2
1526	38	6902.095974866529	0	1
1527	39	6895.6443393352365	0	1
1528	40	6874.479698484524	0	1
1529	41	6852.997270000491	-1	1
1530	42	6850.236613625567	-1	1
1531	43	6847.211846097585	-1	1
1532	44	6850.221103205645	-1	1
1533	45	6849.616187113213	-1	1
1534	46	6857.044485768165	-1	1
1535	47	6858.393369427577	-1	1
1536	48	6863.570968724437	0	1
1537	1	6880.938366839682	0	1
1538	2	6880.829965692621	0	1
1539	3	6892.084967212395	0	1
1540	4	6896.820336462523	0	1
1541	5	6896.913175312124	0	1
1542	6	6911.993608038597	0	2
1543	7	6920.0162804818265	0	2
1544	8	6924.327683507211	0	2
1545	9	6928.746269992305	0	2
1546	10	6934.739119074313	0	2
1547	11	6908.978455654525	0	1
1548	12	6886.806610995524	0	1
1549	13	6860.858327537181	0	1
1550	14	6851.942683791704	-1	1
1551	15	6864.888400116377	0	1
1552	16	6865.647819823899	0	1
1553	17	6893.539745877432	0	1
1554	18	6941.934289520958	0	2
1555	19	6966.27944415707	0	2
1556	20	6986.0049531790755	0	2
1557	21	6991.410606114939	0	2
1558	22	6991.179625630225	0	2
1559	23	6984.295164465651	0	2
1560	24	6969.717421304102	0	2
1561	25	6967.004090275356	0	2
1562	26	6968.206635485862	0	2
1563	27	6959.879812389466	0	2
1564	28	6965.123038598466	0	2
1565	29	6974.017900236349	0	2
1566	30	6984.942129002	0	2
1567	31	6993.289146886008	0	2
1568	32	6999.062230085525	0	2
1569	33	7008.126411993598	0	2
1570	34	7013.110709142085	0	2
1571	35	7013.37219621374	0	2
1572	36	7022.967919070972	0	2
1573	37	7016.725076994604	0	2
1574	38	7024.9971876082855	0	2
1575	39	7023.675112013446	0	2
1576	40	7023.137032724258	0	2
1577	41	7020.661679649456	0	2
1578	42	7009.3572195036595	0	2
1579	43	7008.711055118718	0	2
1580	44	7004.741295964246	0	2
1581	45	7007.75715479181	0	2
1582	46	7011.110987786961	0	2
1583	47	7026.472888705288	0	2
1584	48	7023.751979289919	0	2
1585	1	7006.510860786838	0	2
1586	2	7007.78792648886	0	2
1587	3	7006.61856831047	0	2
1588	4	7003.263972604604	0	2
1589	5	7005.449140915844	0	2
1590	6	6997.199633177048	0	2
1591	7	7037.291341043186	0	2
1592	8	7067.073095146013	0	2
1593	9	7102.67599948145	0	2
1594	10	7106.013873286251	0	2
1595	11	7104.314383187017	0	2
1596	12	7118.0745817374345	0	2
1597	13	7136.839978522349	0	2
1598	14	7157.939700993738	0	2
1599	15	7152.915050913318	0	2
1600	16	7149.691896057526	0	2
1601	17	7131.121982411929	0	2
1602	18	7092.919481114922	0	2
1603	19	7079.847170408321	0	2
1604	20	7075.615609826967	0	2
1605	21	7084.859489225172	0	2
1606	22	7084.583614480556	0	2
1607	23	7087.403487888496	0	2
1608	24	7098.035736914183	0	2
1609	25	7102.048172075886	0	2
1610	26	7098.924055232538	0	2
1611	27	7103.242558538484	0	2
1612	28	7096.672551095841	0	2
1613	29	7082.483776278279	0	2
1614	30	7071.521180671132	0	2
1615	31	7075.416275061144	0	2
1616	32	7070.125508967325	0	2
1617	33	7063.207055802899	0	2
1618	34	7054.643867949496	0	2
1619	35	7058.818498595602	0	2
1620	36	7047.704675634453	0	2
1621	37	7049.194042720725	0	2
1622	38	7039.472757112686	0	2
1623	39	7052.233847765654	0	2
1624	40	7057.529367894895	0	2
1625	41	7059.509069983085	0	2
1626	42	7060.153581663917	0	2
1627	43	7064.971412856888	0	2
1628	44	7058.803152292646	0	2
1629	45	7057.498673288979	0	2
1630	46	7043.742722838725	0	2
1631	47	7027.994590350148	0	2
1632	48	7025.166283935453	0	2
1633	1	7035.094320512678	0	2
1634	2	7035.1250497502315	0	2
1635	3	7028.163661097583	0	2
1636	4	7034.387534909953	0	2
1637	5	7027.871628900561	0	2
1638	6	7008.495662295458	0	2
1639	7	6973.1239713126115	0	2
1640	8	6939.695732491461	0	2
1641	9	6949.497175163807	0	2
1642	10	6991.995744564345	0	2
1643	11	7039.472757112686	0	2
1644	12	7038.950468053908	0	2
1645	13	7045.49345057424	0	2
1646	14	7046.829428472878	0	2
1647	15	7052.786489664583	0	2
1648	16	7052.203144987602	0	2
1649	17	7039.672452238584	0	2
1650	18	7051.389504095008	0	2
1651	19	7042.7290730861905	0	2
1652	20	7020.861564365274	0	2
1653	21	7005.249100348721	0	2
1654	22	6996.091227602343	0	2
1655	23	6996.075832641999	0	2
1656	24	6994.520879752992	0	2
1657	25	6969.917822942379	0	2
1658	26	6963.4114333988455	0	2
1659	27	6967.281607241822	0	2
1660	28	6964.8146522832185	0	2
1661	29	6973.725065926808	0	2
1662	30	6973.509290487179	0	2
1663	31	6963.38059229718	0	2
1664	32	6961.684257092751	0	2
1665	33	6975.035080273168	0	2
1666	34	7005.695341909845	0	2
1667	35	7005.064445719421	0	2
1668	36	7011.37250130568	0	2
1669	37	7018.33979389936	0	2
1670	38	7020.354160761007	0	2
1671	39	7022.01470601282	0	2
1672	40	7029.946501183242	0	2
1673	41	7035.847173130034	0	2
1674	42	7050.974994989692	0	2
1675	43	7061.948897047762	0	2
1676	44	7075.799609381628	0	2
1677	45	7082.790335763448	0	2
1678	46	7093.593553721116	0	2
1679	47	7103.211934134313	0	2
1680	48	7102.798500095044	0	2
1681	1	7089.610067815511	0	2
1682	2	7078.42141869561	0	2
1683	3	7080.1844301137235	0	2
1684	4	7103.211934134313	0	2
1685	5	7113.330752173118	0	2
1686	6	7145.643127794154	0	2
1687	7	7143.671923531929	0	2
1688	8	7150.150195941257	0	2
1689	9	7097.239280072991	0	2
1690	10	7045.293813977644	0	2
1691	11	7037.429606925538	0	2
1692	12	7051.297391707294	0	2
1693	13	7047.91964272465	0	2
1694	14	7036.968716904258	0	2
1695	15	7019.370068212406	0	2
1696	16	7015.909979366256	0	2
1697	17	7015.817702046902	0	2
1698	18	6988.500054180372	0	2
1699	19	6975.1737825657665	0	2
1700	20	7002.494489582014	0	2
1701	21	6995.52160606745	0	2
1702	22	7000.370560817056	0	2
1703	23	7025.243145425174	0	2
1704	24	7037.352792665392	0	2
1705	25	7049.347579373542	0	2
1706	26	7051.235983211755	0	2
1707	27	7048.21138005642	0	2
1708	28	7052.356658403794	0	2
1709	29	7060.260998248721	0	2
1710	30	7065.861203222805	0	2
1711	31	7073.361477541481	0	2
1712	32	7076.090938539507	0	2
1713	33	7061.933553157691	0	2
1714	34	7032.359227680608	0	2
1715	35	7052.494819465107	0	2
1716	36	7062.854165636247	0	2
1717	37	7082.11589868421	0	2
1718	38	7090.391506466082	0	2
1719	39	7079.341270166687	0	2
1720	40	7070.278884262645	0	2
1721	41	7066.76629403219	0	2
1722	42	7049.931007838722	0	2
1723	43	7027.103102553465	0	2
1724	44	7011.2955859239755	0	2
1725	45	7000.447518747664	0	2
1726	46	7001.309427073303	0	2
1727	47	6993.781849264768	0	2
1728	48	6991.087232678549	0	2
1729	1	6989.870685090453	0	2
1730	2	6983.370892543073	0	2
1731	3	6974.5419086438205	0	2
1732	4	6940.405923142011	0	2
1733	5	6914.235342070459	0	2
1734	6	6882.719156133873	0	1
1735	7	6865.477340442019	0	1
1736	8	6830.792272346074	-1	1
1737	9	6815.151178492525	-1	1
1738	10	6810.659973540603	-1	1
1739	11	6753.19158965403	-1	2
1740	12	6701.193194411698	-1	2
1741	13	6689.5907690269505	-1	2
1742	14	6676.1186251228755	-1	2
1743	15	6659.801450859876	-1	3
1744	16	6636.428476597019	-1	3
1745	17	6618.867797737573	-1	3
1746	18	6600.473362283757	-1	3
1747	19	6596.638245594046	-1	3
1748	20	6554.462609600152	-1	3
1749	21	6539.993753073513	-1	3
1750	22	6526.76010207587	-1	3
1751	23	6485.12003248695	-1	3
1752	24	6454.841516204864	-1	3
1753	25	6440.801044665985	-1	3
1754	26	6427.3684515772975	-1	3
1755	27	6420.005642805064	-1	3
1756	28	6407.891749009951	-1	3
1757	29	6390.317724208811	-1	3
1758	30	6381.317513890123	-1	3
1759	31	6370.164365430163	-1	3
1760	32	6361.886512944056	-1	3
1761	33	6355.1181227027155	-1	3
1762	34	6351.852455740049	-1	3
1763	35	6327.1415155524355	-1	3
1764	36	6310.478198373405	-1	3
1765	37	6281.407724415407	-1	3
1766	38	6263.564672756292	-1	3
1767	39	6252.097204427814	-1	3
1768	40	6244.790011384618	-1	3
1769	41	6237.062882024516	-1	3
1770	42	6236.597863496456	-1	3
1771	43	6231.99512028528	-1	3
1772	44	6224.005616189	-1	3
1773	45	6223.668629487924	-1	3
1774	46	6200.915069844278	-1	3
1775	47	6192.670242486123	-1	3
1776	48	6188.441852527117	-1	3
1777	1	6178.035327313303	-1	3
1778	2	6167.123514727075	-1	3
1779	3	6155.898771582362	-1	3
1780	4	6162.083745203218	-1	3
1781	5	6170.729354204241	-1	3
1782	6	6166.656632633164	-1	3
1783	7	6171.453651455335	-1	3
1784	8	6191.978978800574	-1	3
1785	9	6202.8913219047645	-1	3
1786	10	6199.404612799389	-1	3
1787	11	6213.47573449466	-1	3
1788	12	6219.736639670168	-1	3
1789	13	6218.918032984143	-1	3
1790	14	6230.038188310536	-1	3
1791	15	6233.983909817847	-1	3
1792	16	6237.223230390115	-1	3
1793	17	6249.822043759138	-1	3
1794	18	6257.063084655786	-1	3
1795	19	6257.607644518378	-1	3
1796	20	6267.102708670794	-1	3
1797	21	6265.085634752255	-1	3
1798	22	6254.259937050543	-1	3
1799	23	6249.2291719666	-1	3
1800	24	6242.097123249723	-1	3
1801	25	6238.057018326146	-1	3
1802	26	6237.736335336077	-1	3
1803	27	6231.177085071252	-1	3
1804	28	6239.820670280528	-1	3
1805	29	6243.876399078182	-1	3
1806	30	6249.854090314847	-1	3
1807	31	6256.726730461449	-1	3
1808	32	6255.189029612938	-1	3
1809	33	6260.3141780347705	-1	3
1810	34	6263.308497848548	-1	3
1811	35	6254.484205253857	-1	3
1812	36	6263.308497848548	-1	3
1813	37	6262.171676860841	-1	3
1814	38	6270.143892808501	-1	3
1815	39	6274.608683830373	-1	3
1816	40	6284.9901685309405	-1	3
1817	41	6289.211405341536	-1	3
1818	42	6296.851847034764	-1	3
1819	43	6307.22032587822	-1	3
1820	44	6316.513268535014	-1	3
1821	45	6311.691763072721	-1	3
1822	46	6311.005151106113	-1	3
1823	47	6298.353973770701	-1	3
1824	48	6289.4991803479115	-1	3
1825	1	6293.048021595966	-1	3
1826	2	6298.5297462548315	-1	3
1827	3	6305.048079299966	-1	3
1828	4	6303.099220478951	-1	3
1829	5	6313.144738268349	-1	3
1830	6	6311.771599954296	-1	3
1831	7	6304.632766646202	-1	3
1832	8	6288.188167495492	-1	3
1833	9	6269.311620731528	-1	3
1834	10	6246.376699055972	-1	3
1835	11	6232.829156198634	-1	3
1836	12	6232.155514881274	-1	3
1837	13	6238.538031849379	-1	3
1838	14	6231.56204756305	-1	3
1839	15	6224.406782396508	-1	3
1840	16	6216.975695582411	-1	3
1841	17	6201.9433914698675	-1	3
1842	18	6224.214223761293	-1	3
1843	19	6240.461954432455	-1	3
1844	20	6242.658175582319	-1	3
1845	21	6259.865786965794	-1	3
1846	22	6284.622361653804	-1	3
1847	23	6304.840424185869	-1	3
1848	24	6344.4905732339785	-1	3
1849	25	6356.933894651215	-1	3
1850	26	6363.016983272891	-1	3
1851	27	6363.813046397213	-1	3
1852	28	6353.73227821177	-1	3
1853	29	6351.167386638013	-1	3
1854	30	6354.289814744685	-1	3
1855	31	6348.458717243302	-1	3
1856	32	6352.091427169015	-1	3
1857	33	6346.100247761058	-1	3
1858	34	6346.881126803059	-1	3
1859	35	6348.793339765532	-1	3
1860	36	6352.394119735343	-1	3
1861	37	6349.797169806276	-1	3
1862	38	6343.31111580105	-1	3
1863	39	6347.295456948517	-1	3
1864	40	6353.700418457268	-1	3
1865	41	6359.115763240391	-1	3
1866	42	6355.484477471599	-1	3
1867	43	6367.538152569073	-1	3
1868	44	6378.358864855187	-1	3
1869	45	6390.587978987858	-1	3
1870	46	6397.533726123056	-1	3
1871	47	6403.333044723505	-1	3
1872	48	6399.94901127479	-1	3
1873	1	6402.872345078854	-1	3
1874	2	6419.21205798188	-1	3
1875	3	6439.342495726974	-1	3
1876	4	6470.074108426871	-1	3
1877	5	6489.357867382992	-1	3
1878	6	6523.335785476977	-1	3
1879	7	6557.140784121963	-1	3
1880	8	6597.439913205664	-1	3
1881	9	6654.724891107206	-1	3
1882	10	6690.6074390744525	-1	2
1883	11	6734.631514161737	-1	2
1884	12	6774.661269661733	-1	2
1885	13	6762.402518678249	-1	2
1886	14	6768.462783782872	-1	2
1887	15	6803.322597168186	-1	2
1888	16	6836.986173571853	-1	1
1889	17	6862.377453453265	0	1
1890	18	6856.811910109114	-1	1
1891	19	6865.337856194704	0	1
1892	20	6898.243816792198	0	1
1893	21	6899.001932276973	0	1
1894	22	6896.402556154439	0	1
1895	23	6888.9583721759645	0	1
1896	24	6867.104582410469	0	1
1897	25	6858.811969363826	-1	1
1898	26	6852.43896682466	-1	1
1899	27	6851.18272569093	-1	1
1900	28	6861.974431671265	0	1
1901	29	6864.082452737506	0	1
1902	30	6857.091000564274	-1	1
1903	31	6864.330440120705	0	1
1904	32	6862.408454781099	0	1
1905	33	6868.995110867981	0	1
1906	34	6866.0042718622135	0	1
1907	35	6865.167374083102	0	1
1908	36	6844.729631594305	-1	1
1909	37	6849.166365428976	-1	1
1910	38	6853.214383545916	-1	1
1911	39	6863.787963593001	0	1
1912	40	6860.23824186108	0	1
1913	41	6852.563035591155	-1	1
1914	42	6853.695126287315	-1	1
1915	43	6839.26763553724	-1	1
1916	44	6831.490932263083	-1	1
1917	45	6822.7480943264745	-1	1
1918	46	6839.562498677939	-1	1
1919	47	6848.732044895733	-1	1
1920	48	6887.0078649530315	0	1
1921	1	6922.828844922707	0	2
1922	2	6930.553585528493	0	2
1923	3	6936.792946185312	0	2
1924	4	6927.371362446732	0	2
1925	5	6909.736153222194	0	2
1926	6	6895.876449664832	0	1
1927	7	6885.072644341472	0	1
1928	8	6873.441774155717	0	1
1929	9	6838.103658060294	-1	1
1930	10	6872.217881518254	0	1
1931	11	6855.509434711623	-1	1
1932	12	6845.427786685931	-1	1
1933	13	6860.827323725437	0	1
1934	14	6855.633483768407	-1	1
1935	15	6843.240149649862	-1	1
1936	16	6857.044485768165	-1	1
1937	17	6855.462916110102	-1	1
1938	18	6848.964717824707	-1	1
1939	19	6827.252005834701	-1	1
1940	20	6791.144441672361	-1	2
1941	21	6799.839470417738	-1	2
1942	22	6802.078695944795	-1	2
1943	23	6801.425615507789	-1	2
1944	24	6781.106807417614	-1	2
1945	25	6771.811461981989	-1	2
1946	26	6777.806465449156	-1	2
1947	27	6770.03595693313	-1	2
1948	28	6759.5197116030295	-1	2
1949	29	6746.939335271814	-1	2
1950	30	6740.497832348772	-1	2
1951	31	6731.682068703673	-1	2
1952	32	6733.039806861406	-1	2
1953	33	6725.532015107959	-1	2
1954	34	6716.584340159994	-1	2
1955	35	6714.819290985519	-1	2
1956	36	6712.850989010601	-1	2
1957	37	6703.866058465258	-1	2
1958	38	6698.613756588977	-1	2
1959	39	6677.668177255495	-1	2
1960	40	6659.550788769538	-1	3
1961	41	6655.383041129461	-1	3
1962	42	6630.247241768572	-1	3
1963	43	6621.677987885469	-1	3
1964	44	6612.837805251695	-1	3
1965	45	6606.224556104774	-1	3
1966	46	6587.597443695597	-1	3
1967	47	6582.312433508052	-1	3
1968	48	6545.8425540957505	-1	3
1969	1	6500.327404378053	-1	3
1970	2	6471.704286811145	-1	3
1971	3	6450.516431598876	-1	3
1972	4	6423.0209479302985	-1	3
1973	5	6403.555447241306	-1	3
1974	6	6383.273772658159	-1	3
1975	7	6357.586890467152	-1	3
1976	8	6360.78781858697	-1	3
1977	9	6371.564855291374	-1	3
1978	10	6336.184900519158	-1	3
1979	11	6334.30323304736	-1	3
1980	12	6311.835469201699	-1	3
1981	13	6309.216642065458	-1	3
1982	14	6301.182101668245	-1	3
1983	15	6293.032037416112	-1	3
1984	16	6279.504256242322	-1	3
1985	17	6283.662829516381	-1	3
1986	18	6295.349593205706	-1	3
1987	19	6303.019344657528	-1	3
1988	20	6304.840424185869	-1	3
1989	21	6288.220144571975	-1	3
1990	22	6275.904702436564	-1	3
1991	23	6262.684055942586	-1	3
1992	24	6265.854071017	-1	3
1993	25	6262.844171356762	-1	3
1994	26	6257.031051199263	-1	3
1995	27	6270.976125708728	-1	3
1996	28	6287.676526428291	-1	3
1997	29	6307.555722657108	-1	3
1998	30	6324.110078975598	-1	3
1999	31	6331.783401721204	-1	3
2000	32	6330.842360851958	-1	3
2001	33	6353.206585017163	-1	3
2002	34	6371.0555988835185	-1	3
2003	35	6388.266835253834	-1	3
2004	36	6417.815264177923	-1	3
2005	37	6428.526552149277	-1	3
2006	38	6429.27213939164	-1	3
2007	39	6441.038840451654	-1	3
2008	40	6453.2256708276645	-1	3
2009	41	6463.092764717418	-1	3
2010	42	6494.780232101109	-1	3
2011	43	6519.674059707077	-1	3
2012	44	6539.536491009471	-1	3
2013	45	6554.651669942667	-1	3
2014	46	6560.212330220079	-1	3
2015	47	6569.471137564608	-1	3
2016	48	6582.595597196747	-1	3
2017	1	6600.206187146544	-1	3
2018	2	6635.675542010102	-1	3
2019	3	6652.342821856586	-1	3
2020	4	6673.660992996318	-1	2
2021	5	6701.240090021622	-1	2
2022	6	6717.427756899914	-1	2
2023	7	6744.724827368282	-1	2
2024	8	6735.146449723685	-1	2
2025	9	6725.344672538956	-1	2
2026	10	6732.119052501536	-1	2
2027	11	6735.08403403558	-1	2
2028	12	6752.833037055931	-1	2
2029	13	6752.661552991853	-1	2
2030	14	6771.437685166408	-1	2
2031	15	6789.5574452582405	-1	2
2032	16	6807.038271779381	-1	2
2033	17	6818.258664325208	-1	1
2034	18	6824.98465110487	-1	1
2035	19	6828.649557215486	-1	1
2036	20	6824.0838470029685	-1	1
2037	21	6834.067991957355	-1	1
2038	22	6854.377450291139	-1	1
2039	23	6884.437849967602	0	1
2040	24	6911.93176344542	0	2
2041	25	6933.2719676274855	0	2
2042	26	6944.882618824397	0	2
2043	27	6943.107499917078	0	2
2044	28	6929.534094753087	0	2
2045	29	6926.537101705492	0	2
2046	30	6915.966711926866	0	2
2047	31	6911.2514599675305	0	2
2048	32	6914.760952742763	0	2
2049	33	6901.028585760703	0	1
2050	34	6899.264945031741	0	1
2051	35	6888.30822486594	0	1
2052	36	6861.772917632263	0	1
2053	37	6866.887624716303	0	1
2054	38	6868.855651958687	0	1
2055	39	6863.787963593001	0	1
2056	40	6875.780898236405	0	1
2057	41	6874.216349812337	0	1
2058	42	6861.834922175496	0	1
2059	43	6849.414544205505	-1	1
2060	44	6836.085930624537	-1	1
2061	45	6833.788568410456	-1	1
2062	46	6838.103658060294	-1	1
2063	47	6832.531112302138	-1	1
2064	48	6828.385583059088	-1	1
2065	1	6809.820669999783	-1	1
2066	2	6777.308251120319	-1	2
2067	3	6749.262731942125	-1	2
2068	4	6723.096417323632	-1	2
2069	5	6706.11659824354	-1	2
2070	6	6692.484224469607	-1	2
2071	7	6669.418082787962	-1	3
2072	8	6662.401872655738	-1	3
2073	9	6665.440463742076	-1	3
2074	10	6652.593580232126	-1	3
2075	11	6654.458490487784	-1	3
2076	12	6653.721951443604	-1	3
2077	13	6644.551969410506	-1	3
2078	14	6635.346123600761	-1	3
2079	15	6629.007611173331	-1	3
2080	16	6596.638245594046	-1	3
2081	17	6581.494380805379	-1	3
2082	18	6562.574710965428	-1	3
2083	19	6561.204566874357	-1	3
2084	20	6562.921168112937	-1	3
2085	21	6557.991417196253	-1	3
2086	22	6533.133630859656	-1	3
2087	23	6512.901101491964	-1	3
2088	24	6487.46045075307	-1	3
2089	25	6494.005706889823	-1	3
2090	26	6487.4762633714745	-1	3
2091	27	6482.1782711542255	-1	3
2092	28	6484.629771800846	-1	3
2093	29	6478.160262237287	-1	3
2094	30	6479.283495438927	-1	3
2095	31	6477.305925952417	-1	3
2096	32	6476.673058494254	-1	3
2097	33	6473.207720307082	-1	3
2098	34	6461.4618162141705	-1	3
2099	35	6459.070550090809	-1	3
2100	36	6464.897722029839	-1	3
2101	37	6464.771064189956	-1	3
2102	38	6465.974278140838	-1	3
2103	39	6460.860070190196	-1	3
2104	40	6446.031833045707	-1	3
2105	41	6441.070546321167	-1	3
2106	42	6452.449380358594	-1	3
2107	43	6444.494454537485	-1	3
2108	44	6437.994819198705	-1	3
2109	45	6423.211371398151	-1	3
2110	46	6411.71890163355	-1	3
2111	47	6404.143212137834	-1	3
2112	48	6401.982684907875	-1	3
2113	1	6406.9229220738225	-1	3
2114	2	6410.3532887104275	-1	3
2115	3	6432.682413573708	-1	3
2116	4	6473.666638492494	-1	3
2117	5	6489.721516433664	-1	3
2118	6	6495.365055963348	-1	3
2119	7	6498.5417458909305	-1	3
2120	8	6495.5389189158095	-1	3
2121	9	6491.397370845606	-1	3
2122	10	6498.810395897594	-1	3
2123	11	6494.432490140081	-1	3
2124	12	6482.209905514397	-1	3
2125	13	6463.694437015726	-1	3
2126	14	6434.7917040670645	-1	3
2127	15	6404.286179084782	-1	3
2128	16	6389.284359731086	-1	3
2129	17	6376.831629753846	-1	3
2130	18	6364.099620476565	-1	3
2131	19	6358.446897444182	-1	3
2132	20	6364.258826320945	-1	3
2133	21	6364.704595171365	-1	3
2134	22	6371.4534566856555	-1	3
2135	23	6364.752355462894	-1	3
2136	24	6363.5742311682925	-1	3
2137	25	6344.187746988965	-1	3
2138	26	6337.699658307642	-1	3
2139	27	6335.834096191247	-1	3
2140	28	6334.191602477457	-1	3
2141	29	6335.30787678308	-1	3
2142	30	6334.191602477457	-1	3
2143	31	6332.309724984613	-1	3
2144	32	6324.03029737028	-1	3
2145	33	6319.290629417772	-1	3
2146	34	6321.572849082964	-1	3
2147	35	6315.810878788162	-1	3
2148	36	6313.048941358152	-1	3
2149	37	6302.6199601653925	-1	3
2150	38	6316.704824567653	-1	3
2151	39	6325.960912033555	-1	3
2152	40	6338.0344821745375	-1	3
2153	41	6341.876535717165	-1	3
2154	42	6331.001862795718	-1	3
2155	43	6352.6808763956105	-1	3
2156	44	6367.156125972181	-1	3
2157	45	6380.124568792045	-1	3
2158	46	6388.266835253834	-1	3
2159	47	6397.644963463086	-1	3
2160	48	6395.722050020844	-1	3
2161	1	6392.161735121165	-1	3
2162	2	6381.603808944781	-1	3
2163	3	6358.032825160603	-1	3
2164	4	6350.896538136674	-1	3
2165	5	6354.369461404558	-1	3
2166	6	6351.72500300752	-1	3
2167	7	6365.803049723291	-1	3
2168	8	6370.753221060813	-1	3
2169	9	6391.3351328727995	-1	3
2170	10	6388.282734515809	-1	3
2171	11	6377.83389241838	-1	3
2172	12	6387.964746609928	-1	3
2173	13	6399.122765896256	-1	3
2174	14	6409.988049163601	-1	3
2175	15	6434.300086848076	-1	3
2176	16	6474.442025762727	-1	3
2177	17	6500.07457835109	-1	3
2178	18	6519.579350228497	-1	3
2179	19	6537.36039890046	-1	3
2180	20	6555.470909080393	-1	3
2181	21	6551.027676573063	-1	3
2182	22	6567.235591145878	-1	3
2183	23	6593.352619270725	-1	3
2184	24	6618.082752818918	-1	3
2185	25	6632.53798835218	-1	3
2186	26	6643.8777595120555	-1	3
2187	27	6656.93430343677	-1	3
2188	28	6660.710072891306	-1	3
2189	29	6664.641706474269	-1	3
2190	30	6668.071424108505	-1	3
2191	31	6664.234483820654	-1	3
2192	32	6665.252523909684	-1	3
2193	33	6660.365428330193	-1	3
2194	34	6666.583723902299	-1	3
2195	35	6685.194995495415	-1	2
2196	36	6688.7930357009145	-1	2
2197	37	6698.207267594534	-1	2
2198	38	6675.304667857922	-1	2
2199	39	6666.881273362022	-1	3
2200	40	6661.994601452781	-1	3
2201	41	6657.043983797389	-1	3
2202	42	6667.351078709775	-1	3
2203	43	6648.518341136533	-1	3
2204	44	6638.436154073525	-1	3
2205	45	6632.224204037734	-1	3
2206	46	6632.569366494069	-1	3
2207	47	6641.604082122223	-1	3
2208	48	6661.1643674228	-1	3
2209	1	6678.184666294785	-1	2
2210	2	6706.601054406458	-1	2
2211	3	6728.669728088495	-1	2
2212	4	6724.439157362754	-1	2
2213	5	6727.264846147721	-1	2
2214	6	6759.301535484327	-1	2
2215	7	6765.425102339401	-1	2
2216	8	6791.564506942663	-1	2
2217	9	6815.011329815966	-1	1
2218	10	6849.073297565556	-1	1
2219	11	6888.323704816704	0	1
2220	12	6898.042679153078	0	1
2221	13	6928.885300199636	0	2
2222	14	6950.94768072761	0	2
2223	15	6946.595841865507	0	2
2224	16	6918.37800667277	0	2
2225	17	6897.563034850389	0	1
2226	18	6901.2606318510325	0	1
2227	19	6893.400463271983	0	1
2228	20	6878.150716281766	0	1
2229	21	6879.745920908389	0	1
2230	22	6864.857402760783	0	1
2231	23	6847.878886837099	-1	1
2232	24	6848.3752742931165	-1	1
2233	25	6844.3107264168775	-1	1
2234	26	6851.074157807536	-1	1
2235	27	6849.352499810366	-1	1
2236	28	6846.312080219643	-1	1
2237	29	6838.305419190242	-1	1
2238	30	6829.363822082969	-1	1
2239	31	6843.503920454313	-1	1
2240	32	6855.897085371024	-1	1
2241	33	6864.624921011557	0	1
2242	34	6859.04452096902	0	1
2243	35	6854.64106902307	-1	1
2244	36	6858.083289558928	-1	1
2245	37	6861.648907949682	0	1
2246	38	6869.862832631752	0	1
2247	39	6870.668539466885	0	1
2248	40	6855.276840584504	-1	1
2249	41	6858.222826115111	-1	1
2250	42	6853.198875516419	-1	1
2251	43	6853.74164914375	-1	1
2252	44	6851.353331132117	-1	1
2253	45	6851.989210867577	-1	1
2254	46	6845.598442978599	-1	1
2255	47	6830.435169712808	-1	1
2256	48	6810.084899145048	-1	1
2257	1	6798.377612674432	-1	2
2258	2	6816.130090733829	-1	1
2259	3	6823.524706004421	-1	1
2260	4	6814.483003408118	-1	1
2261	5	6792.513509371781	-1	2
2262	6	6757.618378610232	-1	2
2263	7	6736.9564154593445	-1	2
2264	8	6721.644277448674	-1	2
2265	9	6681.048575741337	-1	2
2266	10	6637.761723943215	-1	3
2267	11	6594.877599373548	-1	3
2268	12	6581.2741296857685	-1	3
2269	13	6560.968324879023	-1	3
2270	14	6550.822820938593	-1	3
2271	15	6539.694168864117	-1	3
2272	16	6540.230263485209	-1	3
2273	17	6527.943473473048	-1	3
2274	18	6513.122169850243	-1	3
2275	19	6500.927852215811	-1	3
2276	20	6482.146636739284	-1	3
2277	21	6470.485623509441	-1	3
2278	22	6452.655338200762	-1	3
2279	23	6451.292804551692	-1	3
2280	24	6429.510086311967	-1	3
2281	25	6437.360583859819	-1	3
2282	26	6435.822471122129	-1	3
2283	27	6427.209801900348	-1	3
2284	28	6427.241531946849	-1	3
2285	29	6429.684578735352	-1	3
2286	30	6431.556300929897	-1	3
2287	31	6421.227695397227	-1	3
2288	32	6414.576827419419	-1	3
2289	33	6423.449397917548	-1	3
2290	34	6428.38377662565	-1	3
2291	35	6420.2119691605385	-1	3
2292	36	6414.783215684683	-1	3
2293	37	6407.034101574251	-1	3
2294	38	6405.477526296633	-1	3
2295	39	6403.428360423718	-1	3
2296	40	6407.812338920608	-1	3
2297	41	6405.445758057504	-1	3
2298	42	6389.014085397322	-1	3
2299	43	6387.090250920806	-1	3
2300	44	6383.607746807437	-1	3
2301	45	6380.999402931161	-1	3
2302	46	6380.872156972789	-1	3
2303	47	6372.662890304244	-1	3
2304	48	6368.668266996356	-1	3
2305	1	6359.290938254435	-1	3
2306	2	6327.5403504371025	-1	3
2307	3	6312.106910946158	-1	3
2308	4	6330.587154777546	-1	3
2309	5	6345.3033972836565	-1	3
2310	6	6365.675696119031	-1	3
2311	7	6380.299539023071	-1	3
2312	8	6362.523406397512	-1	3
2313	9	6355.627831646799	-1	3
2314	10	6377.420266977497	-1	3
2315	11	6380.220007310839	-1	3
2316	12	6376.083873601137	-1	3
2317	13	6357.73022782834	-1	3
2318	14	6342.737297576241	-1	3
2319	15	6334.143760591065	-1	3
2320	16	6330.044829754219	-1	3
2321	17	6330.092682624973	-1	3
2322	18	6325.3227154338965	-1	3
2323	19	6306.821035751216	-1	3
2324	20	6301.32589275386	-1	3
2325	21	6297.858605591639	-1	3
2326	22	6307.795287912553	-1	3
2327	23	6297.682826464559	-1	3
2328	24	6278.6244329004685	-1	3
2329	25	6261.8514323845	-1	3
2330	26	6251.888927282154	-1	3
2331	27	6243.876399078182	-1	3
2332	28	6233.1338902169	-1	3
2333	29	6231.209165601045	-1	3
2334	30	6230.872317116681	-1	3
2335	31	6220.940403625484	-1	3
2336	32	6209.846596176571	-1	3
2337	33	6190.515981674123	-1	3
2338	34	6185.7242094322355	-1	3
2339	35	6175.895348703509	-1	3
2340	36	6172.371051365152	-1	3
2341	37	6173.19184187548	-1	3
2342	38	6159.394196609482	-1	3
2343	39	6166.028736947439	-1	3
2344	40	6161.777769647578	-1	3
2345	41	6153.25660081094	-1	3
2346	42	6164.483050948019	-1	3
2347	43	6161.745561380899	-1	3
2348	44	6162.905021369831	-1	3
2349	45	6167.091316364414	-1	3
2350	46	6167.300604656011	-1	3
2351	47	6179.46719626704	-1	3
2352	48	6181.285017666304	-1	3
2353	1	6184.437603494525	-1	3
2354	2	6189.792476245911	-1	3
2355	3	6196.286873821583	-1	3
2356	4	6163.11436006714	-1	3
2357	5	6140.668541632235	-1	3
2358	6	6120.582839885404	-1	3
2359	7	6113.430240798359	-1	3
2360	8	6118.177443431226	-1	3
2361	9	6143.151418019223	-1	3
2362	10	6130.362409992521	-1	3
2363	11	6133.927510061223	-1	3
2364	12	6119.791840470707	-1	3
2365	13	6120.534412391703	-1	3
2366	14	6142.667768716339	-1	3
2367	15	6150.662370989085	-1	3
2368	16	6165.3847178159185	-1	3
2369	17	6170.600587092037	-1	3
2370	18	6179.676335815656	-1	3
2371	19	6225.995310538089	-1	3
2372	20	6263.660737388719	-1	3
2373	21	6278.416468267308	-1	3
2374	22	6288.875661931774	-1	3
2375	23	6331.01781291171	-1	3
2376	24	6374.620090677052	-1	3
2377	25	6404.508569863628	-1	3
2378	26	6412.258766663061	-1	3
2379	27	6442.687472282853	-1	3
2380	28	6454.730629440332	-1	3
2381	29	6466.449209157889	-1	3
2382	30	6483.127278145022	-1	3
2383	31	6505.778117661461	-1	3
2384	32	6522.957020068449	-1	3
2385	33	6534.31659275245	-1	3
2386	34	6533.701462047821	-1	3
2387	35	6555.849007205527	-1	3
2388	36	6571.171231689118	-1	3
2389	37	6561.976269704293	-1	3
2390	38	6579.543494201571	-1	3
2391	39	6577.3248980439	-1	3
2392	40	6585.002314169556	-1	3
2393	41	6593.667058393942	-1	3
2394	42	6590.946983985009	-1	3
2395	43	6597.172694507194	-1	3
2396	44	6596.842595521103	-1	3
2397	45	6598.288700082495	-1	3
2398	46	6593.431229550101	-1	3
2399	47	6595.616462280654	-1	3
2400	48	6613.073388424031	-1	3
2401	1	6625.837548872348	-1	3
2402	2	6626.637961885774	-1	3
2403	3	6626.151440415369	-1	3
2404	4	6635.471617012018	-1	3
2405	5	6656.7932848885375	-1	3
2406	6	6675.116826567411	-1	2
2407	7	6710.991849189832	-1	2
2408	8	6723.830252152458	-1	2
2409	9	6721.722352314868	-1	2
2410	10	6724.688958971833	-1	2
2411	11	6744.163361856932	-1	2
2412	12	6779.986000454116	-1	2
2413	13	6799.404035086633	-1	2
2414	14	6804.302112614825	-1	2
2415	15	6822.04911701077	-1	1
2416	16	6816.332082292111	-1	1
2417	17	6817.854719574295	-1	1
2418	18	6814.63839503599	-1	1
2419	19	6787.005528115356	-1	2
2420	20	6780.328476219569	-1	2
2421	21	6784.811229711256	-1	2
2422	22	6784.717849728647	-1	2
2423	23	6759.39503984102	-1	2
2424	24	6751.180489982811	-1	2
2425	25	6723.736572692094	-1	2
2426	26	6711.976122432865	-1	2
2427	27	6687.698052664196	-1	2
2428	28	6681.8622847817505	-1	2
2429	29	6665.675385889788	-1	3
2430	30	6651.324081481738	-1	3
2431	31	6635.957896030654	-1	3
2432	32	6628.646690611792	-1	3
2433	33	6627.658046424474	-1	3
2434	34	6622.478579163719	-1	3
2435	35	6596.779718859581	-1	3
2436	36	6581.746093169869	-1	3
2437	37	6596.559648870473	-1	3
2438	38	6594.2959206872965	-1	3
2439	39	6593.11678643824	-1	3
2440	40	6589.578934843679	-1	3
2441	41	6583.964160800241	-1	3
2442	42	6579.24454990401	-1	3
2443	43	6569.156288197065	-1	3
2444	44	6567.219846904328	-1	3
2445	45	6576.632515833184	-1	3
2446	46	6579.905367695911	-1	3
2447	47	6574.932922610061	-1	3
2448	48	6563.409346720907	-1	3
2449	1	6551.390107899569	-1	3
2450	2	6536.966151832061	-1	3
2451	3	6524.977012131573	-1	3
2452	4	6514.906409906221	-1	3
2453	5	6504.719700099957	-1	3
2454	6	6490.812420229695	-1	3
2455	7	6449.930168837834	-1	3
2456	8	6442.528956493242	-1	3
2457	9	6427.257396949264	-1	3
2458	10	6420.767451506801	-1	3
2459	11	6407.653517694879	-1	3
2460	12	6391.557683361484	-1	3
2461	13	6394.466483499576	-1	3
2462	14	6394.863824132732	-1	3
2463	15	6413.687743352123	-1	3
2464	16	6421.180084502829	-1	3
2465	17	6443.860446141462	-1	3
2466	18	6457.502595929829	-1	3
2467	19	6501.05425978065	-1	3
2468	20	6508.731885462606	-1	3
2469	21	6527.722583254436	-1	3
2470	22	6538.19617480086	-1	3
2471	23	6566.653045292328	-1	3
2472	24	6573.012824311115	-1	3
2473	25	6587.4873546566705	-1	3
2474	26	6591.465872832782	-1	3
2475	27	6593.572727215366	-1	3
2476	28	6602.767767341145	-1	3
2477	29	6618.867797737573	-1	3
2478	30	6613.623070918639	-1	3
2479	31	6615.224910357855	-1	3
2480	32	6611.942562049892	-1	3
2481	33	6604.3548273081005	-1	3
2482	34	6607.748481928268	-1	3
2483	35	6621.112843961671	-1	3
2484	36	6621.269830100915	-1	3
2485	37	6609.932034671229	-1	3
2486	38	6601.903469869214	-1	3
2487	39	6593.5570053057445	-1	3
2488	40	6591.5759383017585	-1	3
2489	41	6592.959562887861	-1	3
2490	42	6592.50360707211	-1	3
2491	43	6604.779067951815	-1	3
2492	44	6615.429056481216	-1	3
2493	45	6600.913407090236	-1	3
2494	46	6595.176292168794	-1	3
2495	47	6592.016193659989	-1	3
2496	48	6600.7719652513415	-1	3
2497	1	6609.507911354088	-1	3
2498	2	6618.94630041321	-1	3
2499	3	6612.822099601049	-1	3
2500	4	6602.186335277256	-1	3
2501	5	6581.305594291467	-1	3
2502	6	6577.450782941417	-1	3
2503	7	6566.322403005994	-1	3
2504	8	6543.38344587799	-1	3
2505	9	6526.9336679755415	-1	3
2506	10	6512.9958453999325	-1	3
2507	11	6494.369263619533	-1	3
2508	12	6509.079356300609	-1	3
2509	13	6521.678629223398	-1	3
2510	14	6523.793449939814	-1	3
2511	15	6497.419694459657	-1	3
2512	16	6488.298500694332	-1	3
2513	17	6467.319883895236	-1	3
2514	18	6478.365929819662	-1	3
2515	19	6462.871090968576	-1	3
2516	20	6461.857690917798	-1	3
2517	21	6464.7077349399915	-1	3
2518	22	6469.9000030976185	-1	3
2519	23	6464.834393219904	-1	3
2520	24	6456.108745539786	-1	3
2521	25	6445.477123838376	-1	3
2522	26	6446.174469819859	-1	3
2523	27	6461.145110258029	-1	3
2524	28	6465.657650589659	-1	3
2525	29	6468.93447975004	-1	3
2526	30	6488.251064930217	-1	3
2527	31	6499.489904805542	-1	3
2528	32	6504.846081527131	-1	3
2529	33	6512.664239583548	-1	3
2530	34	6513.437977174536	-1	3
2531	35	6514.74851954612	-1	3
2532	36	6522.736069978061	-1	3
2533	37	6528.006584477201	-1	3
2534	38	6527.612137151051	-1	3
2535	39	6542.784382696577	-1	3
2536	40	6543.93519739013	-1	3
2537	41	6557.32981707592	-1	3
2538	42	6569.848949741926	-1	3
2539	43	6572.115661023325	-1	3
2540	44	6579.779499454965	-1	3
2541	45	6599.640391841139	-1	3
2542	46	6611.094397255721	-1	3
2543	47	6630.168786572576	-1	3
2544	48	6640.349521255914	-1	3
2545	1	6668.729106675127	-1	3
2546	2	6686.024169990983	-1	2
2547	3	6702.709426850266	-1	2
2548	4	6721.956574983757	-1	2
2549	5	6736.301102956327	-1	2
2550	6	6752.100321619816	-1	2
2551	7	6770.65895996492	-1	2
2552	8	6788.530495121301	-1	2
2553	9	6801.378966054149	-1	2
2554	10	6836.4894930068	-1	1
2555	11	6857.649169389455	-1	1
2556	12	6841.579862395526	-1	1
2557	13	6837.669088455664	-1	1
2558	14	6829.550147691262	-1	1
2559	15	6834.937283749323	-1	1
2560	16	6846.870560528497	-1	1
2561	17	6854.315421831667	-1	1
2562	18	6853.400478929035	-1	1
2563	19	6845.986292578124	-1	1
2564	20	6855.52494088726	-1	1
2565	21	6851.043138300208	-1	1
2566	22	6845.458815215006	-1	1
2567	23	6832.857127321604	-1	1
2568	24	6832.701882762265	-1	1
2569	25	6833.524664673385	-1	1
2570	26	6846.668888947311	-1	1
2571	27	6853.974261746007	-1	1
2572	28	6852.981761796756	-1	1
2573	29	6862.470457287786	0	1
2574	30	6854.082813335604	-1	1
2575	31	6848.111570045937	-1	1
2576	32	6846.91709982498	-1	1
2577	33	6854.718603259957	-1	1
2578	34	6860.315753657609	0	1
2579	35	6869.521946574679	0	1
2580	36	6865.8492935215445	0	1
2581	37	6860.083217336238	0	1
2582	38	6865.787301837903	0	1
2583	39	6859.990202024968	0	1
2584	40	6861.757416465409	0	1
2585	41	6855.804049921724	-1	1
2586	42	6850.934569632312	-1	1
2587	43	6840.835014207998	-1	1
2588	44	6827.640224727899	-1	1
2589	45	6815.617333397581	-1	1
2590	46	6828.401111050831	-1	1
2591	47	6826.879308331617	-1	1
2592	48	6822.359776730989	-1	1
2593	1	6803.711299759233	-1	2
2594	2	6811.45261542715	-1	1
2595	3	6840.524652307665	-1	1
2596	4	6854.439478551542	-1	1
2597	5	6862.594461705164	0	1
2598	6	6859.447603794277	0	1
2599	7	6880.628647669821	0	1
2600	8	6907.323789128933	0	1
2601	9	6914.250801410134	0	2
2602	10	6899.68266386324	0	1
2603	11	6886.791129835477	0	1
2604	12	6878.119740136131	0	1
2605	13	6861.276874132784	0	1
2606	14	6888.803577171178	0	1
2607	15	6883.524328949764	0	1
2608	16	6874.696571175176	0	1
2609	17	6873.705133352111	0	1
2610	18	6845.117498651799	-1	1
2611	19	6822.375309585313	-1	1
2612	20	6782.3987672629055	-1	2
2613	21	6748.514286137037	-1	2
2614	22	6723.81463894122	-1	2
2615	23	6715.3347648318995	-1	2
2616	24	6701.333880892341	-1	2
2617	25	6689.794107419981	-1	2
2618	26	6667.523337729022	-1	3
2619	27	6647.1231519246	-1	3
2620	28	6640.020185099723	-1	3
2621	29	6618.538082894009	-1	3
2622	30	6612.570807391495	-1	3
2623	31	6611.267174695374	-1	3
2624	32	6610.811667081977	-1	3
2625	33	6615.884451321064	-1	3
2626	34	6614.172737211303	-1	3
2627	35	6603.364894885032	-1	3
2628	36	6614.628162724507	-1	3
2629	37	6637.604876243868	-1	3
2630	38	6647.201536094251	-1	3
2631	39	6652.985383483352	-1	3
2632	40	6657.373021034101	-1	3
2633	41	6659.441123052863	-1	3
2634	42	6661.462002709779	-1	3
2635	43	6675.805568801602	-1	2
2636	44	6676.869939053994	-1	2
2637	45	6688.839962124679	-1	2
2638	46	6677.542965657863	-1	2
2639	47	6668.729106675127	-1	3
2640	48	6662.589841002211	-1	3
2641	1	6671.531829263918	-1	2
2642	2	6663.247715405044	-1	3
2643	3	6650.634441204026	-1	3
2644	4	6672.7843076980635	-1	2
2645	5	6699.723739669581	-1	2
2646	6	6738.766208757712	-1	2
2647	7	6731.619641625611	-1	2
2648	8	6723.236941085511	-1	2
2649	9	6726.827750545518	-1	2
2650	10	6719.176945983128	-1	2
2651	11	6762.542752228655	-1	2
2652	12	6776.062658466941	-1	2
2653	13	6770.17613438794	-1	2
2654	14	6737.642909073937	-1	2
2655	15	6735.302488046504	-1	2
2656	16	6734.475470325617	-1	2
2657	17	6723.174486208833	-1	2
2658	18	6720.14517764166	-1	2
2659	19	6728.903864964635	-1	2
2660	20	6743.92941300126	-1	2
2661	21	6752.115911603549	-1	2
2662	22	6763.134838072122	-1	2
2663	23	6747.157653076101	-1	2
2664	24	6751.601435399974	-1	2
2665	25	6765.502997648954	-1	2
2666	26	6774.536696792734	-1	2
2667	27	6787.565734195882	-1	2
2668	28	6788.452693623494	-1	2
2669	29	6795.593553963746	-1	2
2670	30	6798.890830749954	-1	2
2671	31	6791.159999809657	-1	2
2672	32	6786.50755338763	-1	2
2673	33	6769.81790106851	-1	2
2674	34	6772.356540056358	-1	2
2675	35	6775.611111076874	-1	2
2676	36	6766.873903041882	-1	2
2677	37	6750.322979782801	-1	2
2678	38	6743.289938109731	-1	2
2679	39	6741.605364711473	-1	2
2680	40	6757.758647361434	-1	2
2681	41	6769.584267020846	-1	2
2682	42	6773.789242517549	-1	2
2683	43	6779.50341055281	-1	2
2684	44	6801.145717083832	-1	2
2685	45	6800.166040426614	-1	2
2686	46	6819.1752767032485	-1	1
2687	47	6833.835139282984	-1	1
2688	48	6842.153996578908	-1	1
2689	1	6834.642349857813	-1	1
2690	2	6847.413512007318	-1	1
2691	3	6851.415369100823	-1	1
2692	4	6827.376236732291	-1	1
2693	5	6796.075738340108	-1	2
2694	6	6743.508297807716	-1	2
2695	7	6719.208180034739	-1	2
2696	8	6691.076652925206	-1	2
2697	9	6678.106411290367	-1	2
2698	10	6685.742567648311	-1	2
2699	11	6662.605504946187	-1	3
2700	12	6661.806627150172	-1	3
2701	13	6675.101173041919	-1	2
2702	14	6676.337761450134	-1	2
2703	15	6683.896403655661	-1	2
2704	16	6687.21311129118	-1	2
2705	17	6701.537092848504	-1	2
2706	18	6704.866331440994	-1	2
2707	19	6698.94206823675	-1	2
2708	20	6690.6856421933135	-1	2
2709	21	6687.823196800568	-1	2
2710	22	6692.468585362602	-1	2
2711	23	6693.844777170453	-1	2
2712	24	6687.510334902464	-1	2
2713	25	6669.527690296772	-1	3
2714	26	6657.8744000192255	-1	3
2715	27	6638.342049002537	-1	3
2716	28	6633.620503826782	-1	3
2717	29	6617.705919527155	-1	3
2718	30	6610.151946665723	-1	3
2719	31	6608.832435774001	-1	3
2720	32	6603.317753933086	-1	3
2721	33	6600.316200902845	-1	3
2722	34	6588.242237821752	-1	3
2723	35	6576.050265327797	-1	3
2724	36	6565.897282818619	-1	3
2725	37	6558.763254087205	-1	3
2726	38	6554.714689627068	-1	3
2727	39	6541.72809232993	-1	3
2728	40	6522.199465850295	-1	3
2729	41	6498.7945930650485	-1	3
2730	42	6477.733099089903	-1	3
2731	43	6452.449380358594	-1	3
2732	44	6427.780934237949	-1	3
2733	45	6402.808799377701	-1	3
2734	46	6375.972503002643	-1	3
2735	47	6359.131688312387	-1	3
2736	48	6359.179463443507	-1	3
2737	1	6362.539328444153	-1	3
2738	2	6349.9883691472405	-1	3
2739	3	6350.864673337791	-1	3
2740	4	6348.649930879058	-1	3
2741	5	6355.054408065296	-1	3
2742	6	6413.8941417631995	-1	3
2743	7	6449.454806779341	-1	3
2744	8	6483.45941895262	-1	3
2745	9	6502.255088175997	-1	3
2746	10	6534.49008744322	-1	3
2747	11	6542.248362308046	-1	3
2748	12	6560.669080687435	-1	3
2749	13	6582.564134778009	-1	3
2750	14	6616.575373987751	-1	3
2751	15	6652.013696401344	-1	3
2752	16	6664.813990325129	-1	3
2753	17	6677.87164432581	-1	2
2754	18	6710.788738815237	-1	2
2755	19	6723.7209594037	-1	2
2756	20	6739.078224662546	-1	2
2757	21	6760.06514097392	-1	2
2758	22	6775.361976913959	-1	2
2759	23	6801.658861073923	-1	2
2760	24	6825.776702632689	-1	1
2761	25	6859.137540828167	0	1
2762	26	6881.526819642058	0	1
2763	27	6902.297070607985	0	1
2764	28	6928.931643382235	0	2
2765	29	6958.399118451627	0	2
2766	30	6980.628630522654	0	2
2767	31	6998.32336970545	0	2
2768	32	7013.003036989932	0	2
2769	33	7021.507331962419	0	2
2770	34	7032.83559119926	0	2
2771	35	7056.378287769081	0	2
2772	36	7059.278882182625	0	2
2773	37	7064.066240499167	0	2
2774	38	7064.802655028206	0	2
2775	39	7072.487357703063	0	2
2776	40	7072.042615360259	0	2
2777	41	7087.096999185685	0	2
2778	42	7102.369744669253	0	2
2779	43	7117.2024133491495	0	2
2780	44	7119.023213094704	0	2
2781	45	7136.289653858192	0	2
2782	46	7142.663325825013	0	2
2783	47	7157.680099271949	0	2
2784	48	7159.4361634680445	0	2
2785	1	7183.761037142433	0	2
2786	2	7195.912522464032	0	1
2787	3	7182.632424106151	0	2
2788	4	7180.527545280873	0	2
2789	5	7179.9936644155105	0	2
2790	6	7133.155573686931	0	2
2791	7	7145.841765588781	0	2
2792	8	7150.058536797956	0	2
2793	9	7163.4516319448985	0	2
2794	10	7154.350792919643	0	2
2795	11	7162.169211685563	0	2
2796	12	7153.7703988822595	0	2
2797	13	7146.773809089898	0	2
2798	14	7161.711184714585	0	2
2799	15	7146.101519750126	0	2
2800	16	7151.28062444891	0	2
2801	17	7159.1460416574755	0	2
2802	18	7157.451036156145	0	2
2803	19	7171.754859961053	0	2
2804	20	7179.459769471153	0	2
2805	21	7197.726235130921	0	1
2806	22	7194.982741352118	0	1
2807	23	7195.638165255877	0	1
2808	24	7204.004392243879	0	1
2809	25	7211.087846383627	0	1
2810	26	7222.705461711779	0	1
2811	27	7226.069221209814	0	1
2812	28	7223.7709660038145	0	1
2813	29	7229.128085940357	0	1
2814	30	7229.173737160892	0	1
2815	31	7235.198801251464	0	1
2816	32	7246.817890448318	1	1
2817	33	7254.889571025567	1	1
2818	34	7255.482280749013	1	1
2819	35	7244.111415821636	1	1
2820	36	7252.168965036343	1	1
2821	37	7264.264531047626	1	1
2822	38	7272.739326442619	1	1
2823	39	7274.895435717591	1	1
2824	40	7280.193643069015	1	1
2825	41	7286.992776736503	1	1
2826	42	7286.309929713037	1	1
2827	43	7282.030238124737	1	1
2828	44	7287.402474058008	1	2
2829	45	7280.527581663635	1	1
2830	46	7280.664191341251	1	1
2831	47	7272.43563086784	1	1
2832	48	7255.087142841439	1	1
2833	1	7228.047643876407	0	1
2834	2	7199.539785729367	0	1
2835	3	7185.682584935936	0	2
2836	4	7178.147853512505	0	2
2837	5	7191.400399334347	0	1
2838	6	7188.335851390874	0	1
2839	7	7140.432005967032	0	2
2840	8	7104.436873780928	0	2
2841	9	7092.061537665952	0	2
2842	10	7058.64968861223	0	2
2843	11	7042.237587914666	0	2
2844	12	7027.810147889651	0	2
2845	13	6988.46925239055	0	2
2846	14	6934.4765842712595	0	2
2847	15	6891.264671654536	0	1
2848	16	6847.103255889091	-1	1
2849	17	6804.892907277639	-1	2
2850	18	6786.5698009372645	-1	2
2851	19	6760.06514097392	-1	2
2852	20	6735.0060141369595	-1	2
2853	21	6695.455419685285	-1	2
2854	22	6688.902530508068	-1	2
2855	23	6674.928983402241	-1	2
2856	24	6657.576707861826	-1	3
2857	25	6638.906672332153	-1	3
2858	26	6615.9001543931245	-1	3
2859	27	6607.544251680268	-1	3
2860	28	6596.402454426977	-1	3
2861	29	6571.643452373087	-1	3
2862	30	6558.400967313365	-1	3
2863	31	6547.119269528287	-1	3
2864	32	6539.189594983076	-1	3
2865	33	6528.164361040918	-1	3
2866	34	6530.404642327695	-1	3
2867	35	6521.094643341487	-1	3
2868	36	6520.494854750767	-1	3
2869	37	6519.247863210846	-1	3
2870	38	6516.406300652465	-1	3
2871	39	6518.679585844272	-1	3
2872	40	6513.911677979365	-1	3
2873	41	6505.746523991666	-1	3
2874	42	6503.345245843117	-1	3
2875	43	6501.417676674187	-1	3
2876	44	6511.353548461486	-1	3
2877	45	6519.563565267963	-1	3
2878	46	6534.88438748326	-1	3
2879	47	6547.15079224911	-1	3
2880	48	6556.557920347003	-1	3
2881	1	6548.931738555929	-1	3
2882	2	6560.543081684933	-1	3
2883	3	6566.101971534737	-1	3
2884	4	6561.866028413488	-1	3
2885	5	6539.709936575431	-1	3
2886	6	6546.6148986744	-1	3
2887	7	6552.524629563358	-1	3
2888	8	6561.692790772268	-1	3
2889	9	6559.928824257366	-1	3
2890	10	6605.784636802971	-1	3
2891	11	6647.6718342285085	-1	3
2892	12	6685.726922950386	-1	2
2893	13	6709.241903665206	-1	2
2894	14	6720.5511955489665	-1	2
2895	15	6750.291796865787	-1	2
2896	16	6809.587523616797	-1	1
2897	17	6869.847337941115	0	1
2898	18	6901.771123510103	0	1
2899	19	6940.637501477466	0	2
2900	20	6978.779698940653	0	2
2901	21	7016.740455872372	0	2
2902	22	7028.117551036796	0	2
2903	23	7037.798311235263	0	2
2904	24	7050.161303835043	0	2
2905	25	7056.270850226396	0	2
2906	26	7065.723134908768	0	2
2907	27	7062.716076477569	0	2
2908	28	7061.227721432453	0	2
2909	29	7072.134631831174	0	2
2910	30	7074.036210515434	0	2
2911	31	7083.832602817278	0	2
2912	32	7084.598940955212	0	2
2913	33	7092.689678442858	0	2
2914	34	7098.724952830473	0	2
2915	35	7108.371485722992	0	2
2916	36	7116.299602636997	0	2
2917	37	7118.610104949926	0	2
2918	38	7117.569646763856	0	2
2919	39	7132.0852881232095	0	2
2920	40	7147.339125947878	0	2
2921	41	7147.598860809166	0	2
2922	42	7151.677786988141	0	2
2923	43	7160.077470570536	0	2
2924	44	7153.953683013919	0	2
2925	45	7167.481565702128	0	2
2926	46	7175.523766448555	0	2
2927	47	7178.574998276092	0	2
2928	48	7186.826276867388	0	2
2929	1	7200.042674428289	0	1
2930	2	7197.80243799715	0	1
2931	3	7210.204453509592	0	1
2932	4	7244.050592047577	1	1
2933	5	7284.9593432082365	1	1
2934	6	7301.721576515922	1	2
2935	7	7314.591166737537	1	2
2936	8	7321.909152641741	1	2
2937	9	7326.362309026518	1	2
2938	10	7298.658369337473	1	2
2939	11	7255.527873093398	1	1
2940	12	7214.179419267773	0	1
2941	13	7189.936792433716	0	1
2942	14	7158.871185569644	0	2
2943	15	7127.956510072714	0	2
2944	16	7085.426553125507	0	2
2945	17	7034.971403086445	0	2
2946	18	7005.679954437617	0	2
2947	19	6965.446839017987	0	2
2948	20	6925.594653187067	0	2
2949	21	6882.641733910388	0	1
2950	22	6862.470457287786	0	1
2951	23	6846.963639009285	-1	1
2952	24	6819.765614084084	-1	1
2953	25	6792.326824084743	-1	2
2954	26	6768.665278686886	-1	2
2955	27	6753.394246831758	-1	2
2956	28	6735.8798186941185	-1	2
2957	29	6723.393077377054	-1	2
2958	30	6715.116080671551	-1	2
2959	31	6702.115453378432	-1	2
2960	32	6681.533675746057	-1	2
2961	33	6669.981771742412	-1	3
2962	34	6671.829300442167	-1	2
2963	35	6664.2971340340555	-1	3
2964	36	6657.012646616894	-1	3
2965	37	6639.03214187044	-1	3
2966	38	6634.54608331544	-1	3
2967	39	6617.957142567205	-1	3
2968	40	6607.072942563508	-1	3
2969	41	6609.005234183135	-1	3
2970	42	6602.264908238942	-1	3
2971	43	6595.867983381446	-1	3
2972	44	6586.24487597877	-1	3
2973	45	6553.060351688826	-1	3
2974	46	6528.27480383087	-1	3
2975	47	6505.714930267468	-1	3
2976	48	6513.374816144119	-1	3
2977	1	6510.4217954648275	-1	3
2978	2	6505.004057086532	-1	3
2979	3	6507.642047885222	-1	3
2980	4	6476.673058494254	-1	3
2981	5	6461.699342068507	-1	3
2982	6	6441.229074838504	-1	3
2983	7	6441.926583877369	-1	3
2984	8	6433.380251109889	-1	3
2985	9	6435.426029184049	-1	3
2986	10	6420.592873177379	-1	3
2987	11	6417.989869299105	-1	3
2988	12	6423.750893685011	-1	3
2989	13	6438.359494484901	-1	3
2990	14	6451.815649297062	-1	3
2991	15	6492.108772077947	-1	3
2992	16	6506.409979631377	-1	3
2993	17	6523.00436617107	-1	3
2994	18	6513.611668888217	-1	3
2995	19	6517.527191689264	-1	3
2996	20	6529.252982475531	-1	3
2997	21	6548.915978722476	-1	3
2998	22	6576.60104330029	-1	3
2999	23	6614.361190496597	-1	3
3000	24	6644.050234121191	-1	3
3001	25	6676.682113382174	-1	2
3002	26	6707.819953727973	-1	2
3003	27	6725.4071202676005	-1	2
3004	28	6748.950883100652	-1	2
3005	29	6756.418259304232	-1	2
3006	30	6772.372113487006	-1	2
3007	31	6776.716604733963	-1	2
3008	32	6792.124579636964	-1	2
3009	33	6806.634091005611	-1	2
3010	34	6795.111357453341	-1	2
3011	35	6805.266031376556	-1	2
3012	36	6815.446411245308	-1	1
3013	37	6818.4295614725725	-1	1
3014	38	6831.537508689873	-1	1
3015	39	6830.217799650779	-1	1
3016	40	6830.590432540803	-1	1
3017	41	6830.6525373215545	-1	1
3018	42	6840.959157569895	-1	1
3019	43	6839.857357310469	-1	1
3020	44	6849.988445412117	-1	1
3021	45	6862.9199695199995	0	1
3022	46	6863.787963593001	0	1
3023	47	6860.997844075174	0	1
3024	48	6859.60263341338	0	1
3025	1	6856.269222690956	-1	1
3026	2	6859.695650588407	0	1
3027	3	6865.911285006693	0	1
3028	4	6871.660132651833	0	1
3029	5	6843.209117553457	-1	1
3030	6	6842.122962735558	-1	1
3031	7	6821.676318723833	-1	1
3032	8	6832.841602921964	-1	1
3033	9	6804.488681315733	-1	2
3034	10	6793.602470616159	-1	2
3035	11	6789.417409847129	-1	2
3036	12	6788.188166165518	-1	2
3037	13	6798.673103547454	-1	2
3038	14	6846.234512232266	-1	1
3039	15	6867.755440908064	0	1
3040	16	6878.228156429439	0	1
3041	17	6896.294241276055	0	1
3042	18	6910.431971971699	0	2
3043	19	6935.588472230374	0	2
3044	20	6960.034044916337	0	2
3045	21	6956.455538061593	0	2
3046	22	6937.317950082171	0	2
3047	23	6927.433158121224	0	2
3048	24	6919.908096830856	0	2
3049	25	6910.725754650007	0	2
3050	26	6913.060396383638	0	2
3051	27	6914.714575900468	0	2
3052	28	6904.369782563842	0	1
3053	29	6916.770509965906	0	2
3054	30	6910.509283632256	0	2
3055	31	6917.682471472523	0	2
3056	32	6921.360798667372	0	2
3057	33	6914.204423354336	0	2
3058	34	6920.062644720044	0	2
3059	35	6914.760952742763	0	2
3060	36	6902.095974866529	0	1
3061	37	6903.101432796835	0	1
3062	38	6897.7796498711305	0	1
3063	39	6898.33664884722	0	1
3064	40	6898.352120813322	0	1
3065	41	6894.158767604966	0	1
3066	42	6890.506254387051	0	1
3067	43	6888.1534246797855	0	1
3068	44	6883.121746717224	0	1
3069	45	6887.487769819723	0	1
3070	46	6887.379405241271	0	1
3071	47	6897.114324632538	0	1
3072	48	6879.126439547034	0	1
3073	1	6875.873837734019	0	1
3074	2	6874.309296811075	0	1
3075	3	6846.808507958672	-1	1
3076	4	6840.86605012337	-1	1
3077	5	6848.266690627467	-1	1
3078	6	6849.585165264439	-1	1
3079	7	6855.943602927788	-1	1
3080	8	6826.925895914118	-1	1
3081	9	6815.632871699681	-1	1
3082	10	6810.022727908559	-1	1
3083	11	6808.079775319848	-1	2
3084	12	6804.970642063243	-1	2
3085	13	6795.126912368886	-1	2
3086	14	6765.300469182516	-1	2
3087	15	6734.335029776755	-1	2
3088	16	6725.172940224829	-1	2
3089	17	6688.51147470641	-1	2
3090	18	6666.36447391814	-1	3
3091	19	6637.024528326736	-1	3
3092	20	6599.593241455861	-1	3
3093	21	6605.438978633952	-1	3
3094	22	6612.398042032828	-1	3
3095	23	6618.17695995286	-1	3
3096	24	6633.102786851501	-1	3
3097	25	6658.579441562976	-1	3
3098	26	6661.054711128154	-1	3
3099	27	6664.735679679625	-1	3
3100	28	6670.075718258931	-1	2
3101	29	6660.2087696207	-1	3
3102	30	6658.078081407045	-1	3
3103	31	6657.764724510442	-1	3
3104	32	6659.566455248212	-1	3
3105	33	6654.17641512109	-1	3
3106	34	6648.016712027689	-1	3
3107	35	6658.140752158738	-1	3
3108	36	6659.707452968104	-1	3
3109	37	6664.813990325129	-1	3
3110	38	6653.6279231014305	-1	3
3111	39	6659.535122277808	-1	3
3112	40	6655.351701175623	-1	3
3113	41	6667.836531902303	-1	3
3114	42	6667.022216199134	-1	3
3115	43	6671.29698027412	-1	2
3116	44	6666.333152283071	-1	3
3117	45	6654.787573056236	-1	3
3118	46	6649.0042815361085	-1	3
3119	47	6647.5307460272315	-1	3
3120	48	6649.850728283796	-1	3
3121	1	6663.780263526491	-1	3
3122	2	6662.088587898698	-1	3
3123	3	6679.3741023262655	-1	2
3124	4	6680.109637018466	-1	2
3125	5	6683.818172374242	-1	2
3126	6	6702.34991882109	-1	2
3127	7	6711.663660282778	-1	2
3128	8	6756.0441806897325	-1	2
3129	9	6823.897468475488	-1	1
3130	10	6866.887624716303	0	1
3131	11	6900.115844289574	0	1
3132	12	6912.921253388814	0	2
3133	13	6948.540399962117	0	2
3134	14	6966.556971360809	0	2
3135	15	6975.728581955045	0	2
3136	16	6970.67316459746	0	2
3137	17	6981.167869518419	0	2
3138	18	6995.537001460349	0	2
3139	19	7003.725648025912	0	2
3140	20	7009.911057877142	0	2
3141	21	6995.875697064098	0	2
3142	22	6987.360355888653	0	2
3143	23	6951.148274111137	0	2
3144	24	6913.98799096847	0	2
3145	25	6868.530243931864	0	1
3146	26	6836.939610312489	-1	1
3147	27	6818.926708173262	-1	1
3148	28	6798.766415508451	-1	2
3149	29	6783.550561484665	-1	2
3150	30	6771.3909625499855	-1	2
3151	31	6759.48854373899	-1	2
3152	32	6751.523483247182	-1	2
3153	33	6750.338571222146	-1	2
3154	34	6743.430312489169	-1	2
3155	35	6722.440625994433	-1	2
3156	36	6715.9439431046785	-1	2
3157	37	6698.676292580897	-1	2
3158	38	6693.250524836701	-1	2
3159	39	6673.363550776853	-1	2
3160	40	6680.281779287994	-1	2
3161	41	6656.0725068730735	-1	3
3162	42	6650.665789039558	-1	3
3163	43	6640.31815615729	-1	3
3164	44	6634.671582093239	-1	3
3165	45	6631.769207429537	-1	3
3166	46	6629.368524765997	-1	3
3167	47	6615.884451321064	-1	3
3168	48	6605.046177473243	-1	3
3169	1	6592.362101269088	-1	3
3170	2	6595.3492173837985	-1	3
3171	3	6595.93086312516	-1	3
3172	4	6614.329781747953	-1	3
3173	5	6618.286867674715	-1	3
3174	6	6606.4602228856575	-1	3
3175	7	6615.9315604975745	-1	3
3176	8	6596.1509405540455	-1	3
3177	9	6573.925682729964	-1	3
3178	10	6572.005480081217	-1	3
3179	11	6535.3733078153355	-1	3
3180	12	6511.306172331552	-1	3
3181	13	6495.649558117164	-1	3
3182	14	6509.332058232847	-1	3
3183	15	6509.347851988096	-1	3
3184	16	6522.546682073646	-1	3
3185	17	6531.777074387043	-1	3
3186	18	6586.29206023171	-1	3
3187	19	6606.805862104666	-1	3
3188	20	6626.276995556016	-1	3
3189	21	6656.197861559771	-1	3
3190	22	6665.033258396517	-1	3
3191	23	6676.948199197538	-1	2
3192	24	6710.1325211659905	-1	2
3193	25	6732.212690578041	-1	2
3194	26	6752.162681478123	-1	2
3195	27	6770.814707546227	-1	2
3196	28	6784.126432587089	-1	2
3197	29	6796.729001044646	-1	2
3198	30	6807.862152384629	-1	2
3199	31	6807.286994179024	-1	2
3200	32	6811.141779370634	-1	1
3201	33	6807.799973949978	-1	2
3202	34	6815.834868483752	-1	1
3203	35	6819.858823592787	-1	1
3204	36	6824.518723213451	-1	1
3205	37	6835.449526623415	-1	1
3206	38	6843.78320325859	-1	1
3207	39	6867.8329226054175	0	1
3208	40	6855.55595320121	-1	1
3209	41	6876.044225655876	0	1
3210	42	6892.239736076324	0	1
3211	43	6899.357772213861	0	1
3212	44	6914.343557190761	0	2
3213	45	6924.513098839349	0	2
3214	46	6933.11752422829	0	2
3215	47	6938.028227045069	0	2
3216	48	6943.5551537730125	0	2
3217	1	6929.781248916327	0	2
3218	2	6922.365263296876	0	2
3219	3	6930.22920786939	0	2
3220	4	6946.688444247314	0	2
3221	5	6957.689579673006	0	2
3222	6	6958.152325265114	0	2
3223	7	6950.592779712046	0	2
3224	8	6973.848365114968	0	2
3225	9	6978.086304809403	0	2
3226	10	6971.474719913798	0	2
3227	11	6978.64102206911	0	2
3228	12	6978.440709307039	0	2
3229	13	6963.874044110742	0	2
3230	14	6927.371362446732	0	2
3231	15	6929.441411135862	0	2
3232	16	6936.777504680898	0	2
3233	17	6945.855007049593	0	2
3234	18	6894.731345153756	0	1
3235	19	6873.674150102974	0	1
3236	20	6860.37776287122	0	1
3237	21	6831.02516180084	-1	1
3238	22	6812.618205839302	-1	1
3239	23	6799.1552104572365	-1	2
3240	24	6763.835968586943	-1	2
3241	25	6745.8321135473925	-1	2
3242	26	6729.231651737316	-1	2
3243	27	6707.226140794853	-1	2
3244	28	6699.989500588872	-1	2
3245	29	6692.906475459633	-1	2
3246	30	6689.715900605141	-1	2
3247	31	6685.038543387346	-1	2
3248	32	6678.35682615978	-1	2
3249	33	6680.125286380711	-1	2
3250	34	6673.128724650827	-1	2
3251	35	6672.659063606655	-1	2
3252	36	6665.330832401565	-1	3
3253	37	6662.746479854298	-1	3
3254	38	6662.871789995674	-1	3
3255	39	6644.050234121191	-1	3
3256	40	6638.843937247658	-1	3
3257	41	6625.5707369142765	-1	3
3258	42	6618.930599904494	-1	3
3259	43	6618.852097162824	-1	3
3260	44	6608.7538905128895	-1	3
3261	45	6615.994372547878	-1	3
3262	46	6621.018651644501	-1	3
3263	47	6624.785973774741	-1	3
3264	48	6639.3928621088035	-1	3
3265	1	6657.200668915131	-1	3
3266	2	6674.53763745336	-1	2
3267	3	6655.931481849751	-1	3
3268	4	6630.859180998405	-1	3
3269	5	6615.696013425344	-1	3
3270	6	6631.157297983151	-1	3
3271	7	6650.91656983745	-1	3
3272	8	6643.61120472002	-1	3
3273	9	6627.391260460897	-1	3
3274	10	6613.748710356728	-1	3
3275	11	6627.140164310018	-1	3
3276	12	6652.436856640251	-1	3
3277	13	6674.709830673396	-1	2
3278	14	6681.2989514970695	-1	2
3279	15	6668.134061534556	-1	3
3280	16	6667.538997561604	-1	3
3281	17	6676.149930468671	-1	2
3282	18	6701.396407880846	-1	2
3283	19	6738.953418915418	-1	2
3284	20	6763.025771008565	-1	2
3285	21	6789.7130389581225	-1	2
3286	22	6814.063439735642	-1	1
3287	23	6850.732940487366	-1	1
3288	24	6880.876423401237	0	1
3289	25	6903.519069284849	0	1
3290	26	6918.115251845196	0	2
3291	27	6935.681126706682	0	2
3292	28	6951.30257531691	0	2
3293	29	6959.278293952349	0	2
3294	30	6965.724377985936	0	2
3295	31	6972.307069688235	0	2
3296	32	6980.089376753655	0	2
3297	33	6987.914811940417	0	2
3298	34	6999.46243457508	0	2
3299	35	7011.326352112573	0	2
3300	36	7020.538672667336	0	2
3301	37	7023.321518698955	0	2
3302	38	7026.411403354166	0	2
3303	39	7028.993623847106	0	2
3304	40	7048.410987342242	0	2
3305	41	7076.474259898222	0	2
3306	42	7075.860942189425	0	2
3307	43	7081.7020282900385	0	2
3308	44	7091.050342773124	0	2
3309	45	7087.510757824013	0	2
3310	46	7083.326803539876	0	2
3311	47	7094.267603611515	0	2
3312	48	7078.881349729933	0	2
