	QM	lsdamR	saundershwR	ptclaireR	ogdensburgR	cardinalR	iroquoishwR	iroquoistwR	morrisburgR	saunderstwR	cornwallR	summerstownR	jetty1R	varennesR	sorelR	stpierreR	threeriversR	batiscanR
0	1	1.1444545454545456	1.1526859504132232	1.0689338842975205	1.0761188119008265	1.0938811880991737	1.1147524752066114	1.116554455371901	1.1948415841322313	1.0713465347107438	1.247386138677686	1.3251584158677687	1.0766930692561985	1.083673267272727	1.0727128712396692	1.0419702970247935	1.0419702970247935	1.0023663366942148
1	2	1.397793388429752	1.4129173553719008	1.1286776859504128	1.1750297029752066	1.21953465338843	1.3080297029752064	1.326	1.541792079173554	1.1228118811570247	1.5946831682644624	1.568019801983471	1.1235841583471073	1.1257920791735538	1.1164257426446282	1.0755841583471075	1.0755841583471075	1.0272574257851241
2	3	1.597867768595041	1.609181818181818	1.1300661157024792	1.2446930692561982	1.2820297029752066	1.4470297029752064	1.4661881188429753	1.70017821785124	1.1314059406611572	1.6907326732231405	1.6974554456198345	1.1301584158677689	1.139405940661157	1.122782178181818	1.0663861386776863	1.0663861386776863	1.0117128712396695
3	4	1.6418264462809915	1.6529173553719012	1.1369090909090909	1.2559504950413227	1.2800990099173555	1.4629108910743802	1.4724950495867766	1.6722475247933883	1.1252772277685952	1.6904059406611573	1.703019801983471	1.1312376238016528	1.1432673267768594	1.1299702970247933	1.088594059338843	1.088594059338843	1.0452673267768593
4	5	1.693099173553719	1.6999504132231407	1.1285454545454545	1.2685544553719008	1.3154257426446279	1.5165544553719008	1.5262772277685954	1.7395940593388433	1.1199306930578512	1.654811881157025	1.709326732727273	1.1407425742148762	1.1529603960330577	1.1448019801652891	1.0971386138842976	1.0971386138842976	1.0522178218181817
5	6	1.7249504132231406	1.7292975206611572	1.1240578512396693	1.27008910892562	1.3323762376859503	1.5186435642975207	1.524792079173554	1.7329603960330575	1.115871287107438	1.6582475247933885	1.7377227722314053	1.1455544553719008	1.1641188119008266	1.1361485148760333	1.0838712871074383	1.0838712871074383	1.0348415841322316
6	7	1.6522727272727271	1.657892561983471	1.079892561983471	1.268504950413223	1.3292277228099172	1.5047920791735538	1.5050792079338844	1.6917920791735535	1.1095841583471076	1.5869009900826447	1.7147128712396693	1.1343762376859505	1.1483861386776857	1.1345841583471072	1.08391089107438	1.08391089107438	1.0378910890909092
7	8	1.5841487603305786	1.5896033057851238	1.0742727272727273	1.2502871287603303	1.2954851485950414	1.4574059406611573	1.4591683168595044	1.6099108910743796	1.1019900990082645	1.5505544553719006	1.7804752476033054	1.1237722771900824	1.1418316831404958	1.1048811880991738	1.0663267327272727	1.0663267327272727	1.0526831682644626
8	9	1.5099752066115701	1.5135537190082646	1.0576694214876032	1.2275148514049585	1.2642079208264463	1.3851485148760334	1.3903069307438016	1.5209702970247936	1.0963564357024795	1.5383861386776858	1.7749405940495866	1.110237623801653	1.123069306942149	1.1057029702479337	1.0821584158677686	1.0821584158677686	1.068613861322314
9	10	1.404123966942149	1.4078842975206611	1.0364214876033058	1.1834554456198347	1.2168316831404957	1.300950495041322	1.3063564357024795	1.4108613861157022	1.0883366337190084	1.505504950413223	1.786346534710744	1.083722772231405	1.0899009900826444	1.070594059338843	1.0625841583471074	1.0625841583471074	1.0583069307438018
10	11	1.2812892561983473	1.2847603305785125	1.023776859504132	1.1094158416528928	1.1316732672727272	1.1993069307438016	1.1969801980165287	1.279831683140496	1.0742475247933887	1.414792079173554	1.6587920791735538	1.0556138613223138	1.059613861322314	1.045702970247934	1.0296633662809915	1.0296633662809915	1.016782178181818
11	12	1.1150826446280988	1.1165537190082646	1.016694214876033	1.0198415841322315	1.0394356436363636	1.070871287107438	1.06408910892562	1.11	1.051237623801653	1.292851485123967	1.517495049586777	1.017168316859504	1.0126237623140495	1.0058118811570247	1.0039207920661157	1.0039207920661157	1.0028613861157023
12	13	1.0098512396694215	1.0094462809917355	1.0123553719008265	1.002831683140496	0.9922079208264463	1.0009108910743802	0.9934257426446281	1.011277227768595	1.0212475247933883	1.115594059338843	1.2506435642975207	1.0154851485950411	1.0155445543801653	1.0188613861157023	1.0280000000000002	1.0280000000000002	1.0206633662809916
13	14	0.970702479338843	0.9671735537190081	1.0058512396694215	0.9712376238016531	0.9719009900826445	0.9750198019834712	0.9676633662809916	0.9758514851239669	1.0044455446280989	0.9970792079338843	1.0176930692561983	1.0048316831404958	1.0050297029752064	1.0116237623140496	1.0249900990082645	1.0249900990082645	1.0116039603305786
14	15	0.985206611570248	0.9804710743801652	1.0050165289256199	0.9966831682644629	0.9825148514049586	0.9854554456198346	0.9752178218181816	0.9849108910743801	0.9973267327272726	0.9379702970247933	0.8752475247933885	1.0010891089256198	1.0012079208264464	1.0066930692561984	1.011871287107438	1.011871287107438	1.0113168317355372
15	16	0.9922066115702479	0.9877355371900827	1.0049421487603305	1.0233366337190082	1.0006039603305785	1.0020495049586777	0.9971188119008265	1.0014158416528927	0.9952277228099172	0.949445544628099	0.8986237623140495	1.0059603960330579	1.0098019801652895	1.0171386138842975	1.0101485148760332	1.0101485148760332	1.0281584158677688
16	17	0.980413223140496	0.9741239669421488	1.0037438016528926	1.0039504950413223	0.983633663305785	0.9849207920661158	0.9819108910743802	0.9840792079338844	0.9889306930578512	0.9291188119008266	0.8667623761983472	1.0039900990082642	1.0062277228099172	1.0116039603305786	1.0176831682644627	1.0176831682644627	1.0068019801652894
17	18	0.9769669421487601	0.9701735537190083	1.0035702479338842	1.020257425785124	0.9879207920661158	0.989019801983471	0.9853762376859506	0.9890693069421486	0.9895841583471074	0.9329900990082644	0.8787326732231405	0.9994158416528925	1.0034455446280992	1.0076336633057852	1.0196732672727273	1.0196732672727273	1.0062772277685952
18	19	0.9811570247933884	0.9743388429752065	1.0036528925619834	1.0109702970247934	0.9869801980165288	0.9879702970247936	0.9844752476033058	0.9877722771900825	0.9899702970247933	0.9381188119008264	0.8823267327272726	1.0014554456198346	1.0056534652892561	1.0106237623140495	1.0242871287603303	1.0242871287603303	1.016168316859504
19	20	0.9815537190082644	0.9759752066115701	1.000892561983471	1.0192277228099174	0.9911386138842975	0.9915049504132232	0.988613861322314	0.993653465289256	0.9872772277685951	0.9270396039669422	0.8660297029752066	0.9941881188429752	0.9981782178512396	1.0027128712396693	1.0236435642975206	1.0236435642975206	1.0245049504132233
20	21	0.9818264462809918	0.9755867768595041	0.998801652892562	1.006069306942149	0.9869801980165288	0.9869801980165288	0.9832277228099175	0.9896534652892561	0.9880297029752068	0.9310396039669423	0.8837920791735536	0.9860099009917356	0.9901584158677684	0.9861584158677685	0.9966732672727274	0.9966732672727274	0.9961386138842976
21	22	0.9907438016528926	0.9836694214876032	0.9978429752066115	1.0292871287603307	1.0046237623140495	1.0046435642975207	0.9951287128925619	1.0040495049586775	0.9901683168595041	0.9358811880991734	0.8792970297520661	0.9837524752066116	0.9910198019834711	0.987	0.9865445543801653	0.9865445543801653	0.9901980198347105
22	23	1.0033388429752064	0.9949256198347108	1.0004710743801652	1.030762376198347	1.0128613861157025	1.0105742573553718	1.0050297029752067	1.0139405940495867	0.9927623761983472	0.9448415841322316	0.9014950495867768	0.9904752476033056	0.9969108910743804	0.9912475247933885	0.9924950495867769	0.9924950495867769	1.0054851485950413
23	24	1.0174710743801652	1.010206611570248	1.0014710743801651	1.040128712892562	1.0234653466115702	1.022574257355372	1.015039603966942	1.0229603960330578	0.9983069307438017	0.9711881188429754	0.9623465347107437	0.9984158416528924	1.0081584158677688	1.0018415841322312	1.0034356436363636	1.0034356436363636	1.0144851485950415
24	25	1.0205206611570248	1.013413223140496	1.0015289256198348	1.0322277228099175	1.0235544553719007	1.0205247523966943	1.014495049586777	1.0235841583471075	0.9987524752066116	0.978504950413223	0.9703267327272728	0.9984554456198347	1.0043465347107436	0.9985544553719009	1.0022079208264463	1.0022079208264463	1.0020396039669421
25	26	1.0324297520661156	1.0265289256198344	1.0029338842975206	1.0423663366942149	1.0321881188429753	1.0293069307438016	1.021554455371901	1.0303267327272727	1.001673267272727	0.9965742573553721	1.0095247523966944	0.9980792079338842	1.0026435642975207	0.9971188119008264	0.9835049504132232	0.9835049504132232	1.0016930692561985
26	27	1.0362561983471075	1.029520661157025	1.0063388429752065	1.0424356436363635	1.0333366337190082	1.0314752476033058	1.016059405950413	1.0330297029752067	1.004554455371901	1.0248217821487602	1.0704752476033057	1.0074950495867767	1.0117524752066114	1.0106732672727272	1.0003465347107439	1.0003465347107439	1.0162277228099172
27	28	1.0462727272727272	1.0398347107438015	1.0088016528925619	1.0411980198347106	1.0403267327272727	1.0354455446280992	1.0207425742148761	1.0365148514049587	1.0056732672727273	1.0370693069421486	1.105960396033058	1.0137821781818181	1.0160990099173552	1.018782178181818	1.0108712871074381	1.0108712871074381	1.0098415841322315
28	29	1.0464628099173554	1.0414214876033059	1.0110000000000001	1.0510792079338844	1.0447128712396694	1.04008910892562	1.025940594049587	1.0402277228099173	1.0080297029752066	1.0619405940495867	1.1585841583471075	1.018188118842975	1.0203960396694214	1.0200396039669422	1.0055049504132232	1.0055049504132232	1.0002277228099172
29	30	1.04199173553719	1.0366363636363636	1.0111322314049587	1.0390693069421488	1.0417524752066116	1.0366237623140495	1.024019801983471	1.038148514876033	1.008128712892562	1.0642673267768594	1.1789405940495867	1.0207524752066115	1.0246930692561982	1.0275148514049588	1.0154653466115702	1.0154653466115702	1.009148514876033
30	31	1.0459421487603306	1.0415867768595042	1.0104380165289255	1.0472079208264462	1.0472277228099176	1.040128712892562	1.027019801983471	1.0391782178512396	1.0085643563636364	1.061019801983471	1.1716633662809919	1.0251188119008265	1.0249900990082645	1.0317722771900826	1.0215346533884297	1.0215346533884297	1.0246732672727275
31	32	1.0389173553719009	1.0354380165289256	1.0087768595041322	1.034683168264463	1.0393069307438016	1.0349405940495866	1.0212376238016527	1.033504950413223	1.0101881188429753	1.0670198019834711	1.1777524752066115	1.0181188119008264	1.0155841583471072	1.0175346533884297	1.0015049504132232	1.0015049504132232	0.9846930692561984
32	33	1.037909090909091	1.0340165289256198	1.007677685950413	1.038891089090909	1.0410297029752065	1.0355544553719007	1.0214356436363634	1.0335049504132228	1.009811881157025	1.0651386138842975	1.1766732672727274	1.020277227768595	1.017980198016529	1.019405940661157	1.0077623761983472	1.0077623761983472	1.0075445543801655
33	34	1.0310000000000001	1.0267685950413223	1.007504132231405	1.0284950495867768	1.032485148595041	1.0255544553719007	1.014504950413223	1.0254554456198346	1.0103762376859502	1.0626237623140495	1.1708217821487605	1.0192970297520663	1.0173366337190082	1.0207326732231403	0.9974455446280992	0.9974455446280992	1.0085544553719008
34	35	1.0337603305785124	1.0305785123966942	1.005198347107438	1.048702970247934	1.0402376238016529	1.0324059406611572	1.0238217821487605	1.031574257355372	1.0109207920661156	1.0687920791735535	1.1877029702479338	1.0182673267768596	1.015039603966942	1.0196534652892562	1.0027128712396693	1.0027128712396693	1.0234059406611569
35	36	1.0190991735537192	1.015090909090909	1.0044049586776858	1.007702970247934	1.017445544628099	1.0146732672727272	1.004	1.0155742573553719	1.0094356436363636	1.0595148514049586	1.1689009900826446	1.01108910892562	1.0043861386776858	1.0025445543801652	0.9860396039669421	0.9860396039669421	0.9798217821487604
36	37	1.0035619834710745	0.999909090909091	1.001090909090909	0.9784356436363636	0.9987425742148759	0.9973960396694215	0.9929306930578512	0.998	1.0099405940495867	1.061386138677686	1.1602376238016527	1.0065445543801652	1.0042376238016528	1.0011287128925621	0.9885148514049586	0.9885148514049586	0.989217821818182
37	38	1.0035289256198348	0.9996611570247934	1.0011983471074382	1.0008811880991733	1.002891089090909	1.0013762376859505	0.9967128712396693	1.002188118842975	1.0077920791735537	1.0472871287603305	1.1375643563636364	1.0096435642975208	1.0049702970247933	1.0027722771900827	0.9840000000000001	0.9840000000000001	1.0032277228099173
38	39	0.9925041322314049	0.988892561983471	0.9998595041322313	0.9857326732231404	0.9924554456198346	0.9969603960330579	0.9891980198347107	0.997742574214876	1.0061188119008264	1.0417326732231407	1.1207524752066116	1.0034257426446278	0.9956534652892562	0.992405940661157	0.9724950495867768	0.9724950495867768	0.9914455446280991
39	40	0.9866859504132233	0.9840165289256197	0.9986528925619836	0.9790594059504131	0.9885940593388429	0.9890792079338843	0.9840693069421488	0.9890792079338843	1.006633663305785	1.0405742573553718	1.1224356436363636	0.9945247523966942	0.9739900990082645	0.9776138613223139	0.9640594059504134	0.9640594059504134	0.9817821781818182
40	41	0.9810909090909091	0.9768595041322314	0.9976280991735537	0.9725445543801654	0.9800099009917357	0.9838415841322316	0.9795247523966942	0.9844455446280992	1.0064752476033059	1.0265148514049587	1.0931881188429753	0.9961386138842975	0.9899702970247932	0.9836930692561983	0.9719207920661157	0.9719207920661157	0.9870792079338844
41	42	0.9847024793388431	0.9798512396694214	0.9976776859504132	0.9885643563636364	0.9886831682644627	0.9910396039669421	0.9878712871074382	0.9911683168595041	1.0089306930578512	1.0169207920661156	1.0810792079338845	0.9959108910743799	0.9885148514049588	0.983594059338843	0.9681386138842977	0.9681386138842977	1.003425742644628
42	43	0.9725289256198347	0.9674214876033058	0.9965619834710744	0.9459405940495867	0.9694653466115702	0.972831683140496	0.9712574257851238	0.9747227722314049	1.0039405940495867	0.997742574214876	1.0340297029752066	0.9902475247933885	0.9795643563636364	0.9762079208264463	0.9656039603305783	0.9656039603305783	0.9837326732231406
43	44	0.968694214876033	0.9654462809917356	0.9957190082644628	0.9553366337190083	0.9692376238016528	0.9730099009917353	0.972019801983471	0.974039603966942	1.0041683168595041	0.9998811880991735	1.0148514851239667	0.988871287107438	0.9711683168595041	0.9676930692561982	0.9531089109090908	0.9531089109090908	0.9666534652892562
44	45	0.9663801652892562	0.9636198347107436	0.9978016528925621	0.9472574257851241	0.9650495049586775	0.9681782178512398	0.9650495049586776	0.971039603966942	1.0029405940495868	0.9962574257851239	1.0158316831404959	0.9937326732231404	0.9856138613223142	0.9773366337190083	0.959613861322314	0.959613861322314	0.9752970297520661
45	46	0.9846776859504132	0.9797520661157025	1.006884297520661	0.9721782178512396	0.985297029752066	0.9888217821487604	0.9880297029752066	0.9908811880991734	1.0039306930578513	1.001039603966942	1.021633663305785	1.006851485123967	1.0028118811570248	0.9949207920661157	0.9872574257851237	0.9872574257851237	1.0054653466115702
46	47	1.0076694214876034	1.0057438016528926	1.0182314049586776	1.0119702970247935	1.0112376238016527	1.012257425785124	1.011722772231405	1.0136237623140496	1.0102178218181819	1.0017524752066116	0.9959405940495869	1.015425742644628	1.0173564357024794	1.001673267272727	0.9853465347107438	0.9853465347107438	0.9844950495867769
47	48	1.0265537190082643	1.031090909090909	1.03499173553719	1.0491782178512397	1.0291485148760329	1.0300792079338843	1.0262673267768594	1.0543168317355371	1.0390990099173554	1.080930693057851	1.1084455446280992	1.0236237623140496	1.024762376198347	1.0002475247933886	0.9764851485950413	0.9764851485950413	0.9529009900826447
